Cleaning temporary directory
Done cleaning temporary directory
INFO: Defaulting maxthreads to 14
INFO: Defaulting to optimizing dps.

Performing gear comparisons for Ryanfodder on Fight Styles: Patchwerk
Using 14 threads

---Generating profiles from gear options---
1920 Gear possibilities
Invalid gear combinations: 416
Valid gear combinations: 1504
--- Profiles generated in 0.0 seconds ---

--Generating talent and gear combinations--
2 Talent Sets * 1504 Gear Sets

Total size of run at 10 iterations: 3008
Batch size of 1000
 <--------------------------------------------------> 0.0%  <||||||||||||||||----------------------------------> 33.2%  (Estimated remaining time: less than 1 minute) <|||||||||||||||||||||||||||||||||-----------------> 66.5%  (Estimated remaining time: less than 1 minute) <|||||||||||||||||||||||||||||||||||||||||||||||||-> 99.7%  (Estimated remaining time: less than 1 minute) <||||||||||||||||||||||||||||||||||||||||||||||||||> 100.0%  (Time taken: 00:42.6)							   
--Analyzing iteration sim results--
596218.0 9846.4 1211111
625737.7 8727.5 1211111
589986.0 5385.4 1211111
596392.6 5321.5 1211111
629429.6 10803.9 1211111
604887.3 7376.1 1211111
605737.4 7122.8 1211111
625329.7 6752.6 1211111
630192.4 7539.7 1211111
599432.0 6317.0 1211111
600968.6 7507.1 1211111
635374.1 8158.4 1211111
593257.8 8647.5 1211111
599873.3 8280.4 1211111
641041.4 10357.5 1211111
604750.2 11151.0 1211111
612088.4 6978.6 1211111
637449.8 8493.0 1211111
641683.5 7467.6 1211111
598170.7 5434.3 1211111
594505.1 9247.5 1211111
622773.3 8034.3 1211111
581685.7 6209.6 1211111
590015.9 6608.1 1211111
624557.1 9358.2 1211111
595190.0 7818.1 1211111
595070.0 6701.5 1211111
622443.4 4405.8 1211111
625691.2 4383.6 1211111
595387.8 4590.4 1211111
595136.6 5932.5 1211111
627154.7 9168.4 1211111
592506.6 7498.9 1211111
595539.9 5617.5 1211111
632200.3 4875.9 1211111
603254.4 8921.8 1211111
596082.2 6324.1 1211111
620000.2 7136.3 1211111
630152.6 6136.1 1211111
592527.1 8745.1 1211111
564137.9 6084.0 1211111
592840.0 7683.5 1211111
557043.5 7940.2 1211111
558360.0 7416.1 1211111
606702.2 7074.9 1211111
567891.8 10794.0 1211111
574632.7 8780.1 1211111
598613.5 9353.8 1211111
610442.6 12157.2 1211111
567495.7 5961.3 1211111
571329.7 7624.2 1211111
596744.8 11506.2 1211111
560145.3 6534.5 1211111
575729.8 6515.5 1211111
605309.9 5015.1 1211111
582192.7 11428.4 1211111
582112.6 15067.9 1211111
601307.9 8955.2 1211111
613244.9 9104.0 1211111
575366.0 7912.4 1211111
590101.4 10047.2 1211111
625522.3 5601.9 1211111
592501.0 7224.0 1211111
592764.0 4809.5 1211111
633703.7 8136.8 1211111
600014.6 6996.8 1211111
596522.3 8567.8 1211111
625218.2 5370.0 1211111
635757.7 12063.9 1211111
594775.3 5678.4 1211111
600919.5 6155.3 1211111
624438.4 9749.1 1211111
593072.9 6741.1 1211111
595798.1 5361.3 1211111
635432.6 7303.8 1211111
597612.8 4813.9 1211111
604443.4 8323.3 1211111
633528.9 10545.3 1211111
631175.2 5916.8 1211111
599145.0 4231.6 1211111
622336.5 9280.8 1211111
650723.3 5619.3 1211111
613179.0 8519.6 1211111
621332.7 8589.7 1211111
658941.6 10816.8 1211111
626042.9 8490.1 1211111
623586.9 7296.6 1211111
647643.0 4957.6 1211111
659796.1 5338.6 1211111
627949.6 8262.0 1211111
626088.9 6901.7 1211111
654495.0 6055.4 1211111
613204.7 9834.0 1211111
625190.6 5276.8 1211111
672914.9 8001.5 1211111
633863.9 8378.0 1211111
630533.1 6446.0 1211111
656371.9 6561.4 1211111
662210.2 4893.9 1211111
628722.6 4861.9 1211111
617010.3 9120.8 1211111
645535.8 6111.6 1211111
617606.7 6989.6 1211111
620909.7 6810.3 1211111
649189.0 7447.3 1211111
619892.1 6991.3 1211111
624066.7 7434.9 1211111
639467.4 10249.5 1211111
647840.1 5061.0 1211111
612225.1 6867.7 1211111
624579.2 7420.2 1211111
649473.4 10829.7 1211111
613685.8 6994.7 1211111
619086.9 7257.8 1211111
652831.0 8692.4 1211111
622611.4 11509.9 1211111
623040.2 6433.8 1211111
653989.4 8626.8 1211111
660018.6 9426.1 1211111
622041.5 7584.1 1211111
592664.1 10435.8 1211111
614826.7 7424.0 1211111
580342.0 9123.7 1211111
592875.3 9548.9 1211111
634068.9 9595.3 1211111
590533.7 9542.0 1211111
597934.1 5278.1 1211111
618315.4 9417.9 1211111
631133.0 7146.2 1211111
592932.0 12941.2 1211111
592067.2 8277.9 1211111
628822.9 5454.7 1211111
589952.3 11453.9 1211111
591606.3 7609.7 1211111
634568.2 10561.6 1211111
600325.5 7478.3 1211111
606479.6 8524.1 1211111
633671.2 6707.2 1211111
639357.5 10983.5 1211111
596375.1 9143.5 1211111
622386.4 9971.0 1211111
649894.5 7552.9 1211111
609538.1 8332.7 1211111
618293.3 4771.0 1211111
663717.6 10268.8 1211111
621755.1 8511.8 1211111
629377.1 10297.7 1211111
648322.4 6738.3 1211111
658729.7 7406.1 1211111
619396.1 9254.0 1211111
629000.1 7325.8 1211111
663448.6 5142.8 1211111
616370.9 9879.0 1211111
619568.6 7862.3 1211111
652660.8 7796.2 1211111
625694.7 6886.3 1211111
635686.8 7894.8 1211111
653712.3 7546.3 1211111
662334.8 4884.4 1211111
625291.2 4606.1 1211111
591280.6 7493.2 1211111
627539.7 8563.5 1211111
589423.9 10840.4 1211111
600844.2 5461.8 1211111
633899.8 6292.1 1211111
599985.7 5703.2 1211111
599959.9 3448.2 1211111
628080.4 9067.0 1211111
628859.3 5436.3 1211111
600204.8 7286.8 1211111
605645.7 6409.5 1211111
630766.7 6819.3 1211111
591201.1 9217.9 1211111
597890.6 6261.8 1211111
641251.0 7537.1 1211111
610813.7 8194.4 1211111
611835.1 6177.2 1211111
630897.5 9147.8 1211111
628989.2 6243.5 1211111
604465.4 6710.7 1211111
597808.3 9191.1 1211111
619068.9 6398.9 1211111
597367.9 9828.5 1211111
592523.1 3969.9 1211111
624591.5 10132.5 1211111
594693.5 5536.3 1211111
591748.3 8749.9 1211111
619326.4 6804.0 1211111
626155.0 11373.8 1211111
599812.9 8884.4 1211111
600103.3 3058.3 1211111
627583.7 8057.2 1211111
594826.7 7252.6 1211111
597841.4 7346.1 1211111
634689.0 6490.4 1211111
598499.1 7590.4 1211111
605027.2 8931.4 1211111
626021.4 13534.2 1211111
629488.7 4577.8 1211111
599117.9 8499.8 1211111
603995.5 6792.3 1211111
630400.2 6384.2 1211111
594210.1 9293.1 1211111
593213.4 3995.3 1211111
632656.0 10884.9 1211111
604381.6 6837.9 1211111
604900.0 6913.5 1211111
635646.4 10734.0 1211111
632963.4 8853.1 1211111
600137.0 6809.6 1211111
605223.6 6806.6 1211111
639375.5 7334.2 1211111
603598.6 10218.5 1211111
602097.8 8031.5 1211111
637072.6 7085.3 1211111
611927.0 8276.0 1211111
611193.3 6992.6 1211111
639562.1 8175.3 1211111
635160.3 6886.0 1211111
605504.9 8491.0 1211111
596682.5 9217.1 1211111
630056.5 7022.7 1211111
588744.6 8514.7 1211111
592214.2 4066.3 1211111
629063.6 6095.3 1211111
593105.9 6502.0 1211111
599848.6 7347.0 1211111
623523.6 9859.8 1211111
625601.2 10081.9 1211111
595247.4 5680.7 1211111
600613.8 4014.9 1211111
630159.4 11979.7 1211111
593151.2 8404.2 1211111
596340.8 6672.3 1211111
633008.7 7847.1 1211111
598651.9 5142.1 1211111
607118.3 8628.1 1211111
630689.6 9663.2 1211111
628312.5 4804.6 1211111
599776.5 7572.1 1211111
624577.3 4842.0 1211111
649911.2 3079.0 1211111
613193.1 8324.6 1211111
618202.0 8703.0 1211111
659495.1 8628.4 1211111
630862.3 5006.9 1211111
631796.9 4968.5 1211111
656144.6 13770.3 1211111
661576.6 6564.0 1211111
618875.5 7133.1 1211111
630357.5 11877.1 1211111
654361.5 10558.6 1211111
627037.9 8465.2 1211111
624815.7 4689.7 1211111
660876.3 7119.8 1211111
626963.8 8291.9 1211111
634814.3 3854.9 1211111
648819.1 6311.9 1211111
668362.9 9270.0 1211111
628949.4 11471.0 1211111
612411.8 7416.1 1211111
644302.4 9637.3 1211111
609848.6 12288.7 1211111
623398.5 10464.8 1211111
647595.2 5859.2 1211111
625134.4 8230.1 1211111
627321.6 10193.4 1211111
645912.9 8680.9 1211111
656508.2 9084.0 1211111
613785.6 4072.0 1211111
616152.7 8547.0 1211111
647196.1 5255.7 1211111
615158.4 10040.5 1211111
626048.4 5591.5 1211111
656716.0 5339.9 1211111
620817.8 10467.3 1211111
630286.0 7115.5 1211111
653763.3 7728.6 1211111
656816.0 5091.5 1211111
622145.9 9137.2 1211111
624392.4 6560.8 1211111
654815.7 10544.7 1211111
613201.6 6739.3 1211111
623882.0 10500.1 1211111
670752.0 7594.8 1211111
634173.3 8440.7 1211111
630167.6 5679.9 1211111
650666.9 11454.1 1211111
661835.5 6327.4 1211111
629674.0 8615.3 1211111
630017.9 6138.1 1211111
667564.2 8827.7 1211111
616841.6 5274.8 1211111
628190.2 6551.9 1211111
666560.8 7288.1 1211111
633557.1 5897.3 1211111
635657.7 4795.0 1211111
653918.1 8860.9 1211111
666086.9 4549.1 1211111
630364.9 5793.0 1211111
617514.5 7414.0 1211111
650025.4 6369.1 1211111
626143.2 6046.7 1211111
621267.8 7418.3 1211111
655201.9 5704.0 1211111
623518.2 3333.9 1211111
626536.3 3889.2 1211111
652549.7 6614.5 1211111
657634.6 8197.4 1211111
620211.3 5150.2 1211111
624444.6 8793.8 1211111
661190.2 3925.2 1211111
621282.0 10154.6 1211111
620568.3 7217.9 1211111
658816.1 6405.0 1211111
627601.0 7235.4 1211111
637750.9 7250.6 1211111
653974.5 6357.5 1211111
658871.5 7994.5 1211111
625559.0 5814.2 1211111
640863.9 7315.9 1211111
661990.6 4250.7 1211111
626344.3 6690.7 1211111
629194.0 8278.4 1211111
674140.1 9355.1 1211111
634290.9 9073.6 1211111
636722.0 8134.2 1211111
660902.9 8741.2 1211111
675880.5 8518.2 1211111
640206.6 6648.9 1211111
638689.2 7368.8 1211111
673844.6 3088.0 1211111
634774.0 10171.2 1211111
638981.1 6823.3 1211111
675725.0 6123.2 1211111
643586.8 6783.5 1211111
646616.0 4489.2 1211111
670600.4 7033.5 1211111
680310.8 5762.5 1211111
641756.8 7978.3 1211111
632548.4 6330.3 1211111
660684.7 6903.3 1211111
625914.0 6791.2 1211111
628115.5 4532.0 1211111
669773.4 8385.7 1211111
630160.9 7238.4 1211111
634720.7 9000.3 1211111
662365.2 8647.3 1211111
665330.5 9904.1 1211111
631708.0 8405.9 1211111
634386.5 6351.1 1211111
657467.6 7090.5 1211111
634412.1 10386.4 1211111
628270.0 6207.9 1211111
673891.7 7954.3 1211111
629888.7 6002.8 1211111
639621.5 8849.3 1211111
662984.0 5483.3 1211111
672359.0 5666.1 1211111
635045.7 5804.5 1211111
612738.6 10355.3 1211111
636140.8 9852.9 1211111
591415.2 6259.0 1211111
598893.6 8435.9 1211111
646805.0 11320.0 1211111
601209.8 8788.8 1211111
612811.1 11834.1 1211111
630973.9 9858.8 1211111
636627.4 4353.4 1211111
603014.2 4496.4 1211111
611942.5 6999.4 1211111
640130.2 10932.1 1211111
599176.0 7588.1 1211111
611028.5 7138.8 1211111
651283.4 6909.1 1211111
611224.1 10281.9 1211111
611809.9 9039.8 1211111
645232.7 9757.4 1211111
641081.1 5279.0 1211111
605871.1 8316.3 1211111
634093.0 4974.2 1211111
660885.7 5642.3 1211111
618670.6 7652.0 1211111
629192.3 8168.7 1211111
666274.4 8164.9 1211111
633425.5 7509.3 1211111
636162.9 7061.7 1211111
661557.4 8885.3 1211111
671107.2 8083.4 1211111
632270.1 4218.0 1211111
634494.4 3783.9 1211111
668262.0 9677.0 1211111
637738.1 10330.8 1211111
631144.3 8068.5 1211111
677830.2 7697.9 1211111
638089.6 10674.7 1211111
641597.6 5928.5 1211111
664614.4 8179.0 1211111
677784.8 9356.3 1211111
633682.2 5362.0 1211111
657660.1 7086.9 1211111
651373.3 6705.5 1211111
657437.2 11117.0 1211111
660753.8 7899.9 1211111
669536.7 6401.5 1211111
660355.2 4933.6 1211111
667623.3 5761.4 1211111
660131.6 10040.4 1211111
662868.2 9504.1 1211111
673679.0 10728.3 1211111
679184.7 9243.2 1211111
670549.0 7553.9 1211111
649558.6 6274.2 1211111
647188.4 9098.5 1211111
655457.1 8111.5 1211111
662822.7 7819.0 1211111
659160.8 9928.8 1211111
655793.2 10714.0 1211111
659508.0 6097.0 1211111
648848.9 10128.6 1211111
663650.4 8584.5 1211111
666325.2 9070.4 1211111
666274.7 6972.1 1211111
660495.0 9665.0 1211111
624989.3 8906.9 1211111
622157.1 8175.8 1211111
623446.7 6038.2 1211111
629046.6 10550.1 1211111
638991.4 8380.9 1211111
622939.1 9300.9 1211111
627271.6 2324.0 1211111
630983.1 6290.4 1211111
633305.1 9042.8 1211111
631266.1 8628.8 1211111
655056.6 6993.6 1211111
627504.8 11965.1 1211111
657099.4 6376.0 1211111
650512.6 9706.8 1211111
654967.6 4428.7 1211111
659086.6 6498.3 1211111
658732.5 9608.3 1211111
653595.6 8319.1 1211111
660167.6 5402.2 1211111
657005.5 6735.8 1211111
665225.5 9230.8 1211111
669199.9 8655.6 1211111
673415.8 10673.7 1211111
667731.4 7415.6 1211111
632201.4 7056.3 1211111
662413.4 8325.3 1211111
634429.0 5981.1 1211111
634240.1 8719.5 1211111
673808.7 9193.4 1211111
632156.8 7899.1 1211111
640023.0 5353.2 1211111
660061.5 7463.9 1211111
676228.7 8850.7 1211111
637010.2 7436.4 1211111
641250.1 5019.0 1211111
673513.5 9667.6 1211111
638192.6 7372.3 1211111
639008.7 7797.9 1211111
673188.6 7409.6 1211111
641956.8 5138.2 1211111
643793.4 8943.2 1211111
669226.1 9316.1 1211111
683708.7 9165.9 1211111
637696.1 5930.4 1211111
632695.8 6130.2 1211111
658474.4 4944.8 1211111
626511.9 10724.0 1211111
634104.9 8097.2 1211111
665617.8 8049.1 1211111
628960.8 10255.7 1211111
634197.2 4924.1 1211111
663577.9 6631.0 1211111
666121.9 7741.5 1211111
634447.8 6374.4 1211111
638835.8 5435.9 1211111
661021.1 7352.1 1211111
625699.3 7231.3 1211111
639303.8 6994.4 1211111
674264.0 8931.0 1211111
634127.0 6584.6 1211111
642674.1 7098.1 1211111
669406.2 5586.6 1211111
677172.2 7121.4 1211111
633014.4 4698.3 1211111
636594.8 5427.5 1211111
660771.0 7404.3 1211111
632592.9 12035.5 1211111
638218.4 8777.3 1211111
672245.2 10108.1 1211111
640814.4 7890.6 1211111
642417.6 9340.4 1211111
670358.3 8469.6 1211111
677233.0 10717.2 1211111
633789.7 9705.1 1211111
637656.1 5938.9 1211111
674055.1 10175.1 1211111
641574.5 5805.3 1211111
635845.1 7055.7 1211111
678678.9 10013.1 1211111
648721.0 8809.3 1211111
648493.2 6240.6 1211111
669756.0 6821.5 1211111
678937.4 8854.1 1211111
646709.9 5943.0 1211111
630546.6 7963.9 1211111
660069.2 8767.1 1211111
629461.9 5216.3 1211111
633611.8 5737.2 1211111
673318.5 11427.4 1211111
631134.5 7392.9 1211111
638032.7 6647.3 1211111
663955.4 13046.4 1211111
671511.2 6831.6 1211111
631910.0 9219.8 1211111
636855.0 8241.3 1211111
671689.9 8903.7 1211111
636906.4 6237.9 1211111
638200.8 6780.0 1211111
675064.7 6614.8 1211111
637692.2 6991.6 1211111
643737.7 8597.0 1211111
663516.6 6963.9 1211111
681806.4 5058.0 1211111
633621.8 7783.1 1211111
666457.0 6079.4 1211111
657994.0 8727.5 1211111
659696.9 11328.5 1211111
658555.5 9990.3 1211111
668741.5 9864.0 1211111
666100.6 10080.4 1211111
663506.1 8526.9 1211111
660734.2 12478.8 1211111
660087.4 9751.5 1211111
665720.9 8397.3 1211111
669824.8 8657.9 1211111
667358.1 6691.3 1211111
656196.7 8170.3 1211111
647731.6 6027.7 1211111
652291.0 5549.6 1211111
661770.1 5884.8 1211111
664167.1 10554.7 1211111
660984.2 11929.3 1211111
666941.3 8891.7 1211111
655108.9 13454.3 1211111
665614.0 9509.1 1211111
669102.0 5855.6 1211111
661615.1 3653.4 1211111
660755.8 7413.7 1211111
659275.9 9079.2 1211111
657017.3 6797.0 1211111
663404.6 5200.1 1211111
667246.2 9747.3 1211111
670388.2 10976.8 1211111
660989.9 8890.4 1211111
673873.4 7001.9 1211111
659114.0 8990.9 1211111
674005.5 9104.6 1211111
671509.4 6055.7 1211111
673601.8 8631.8 1211111
669341.6 7853.4 1211111
664151.6 6243.2 1211111
657327.4 10159.1 1211111
655725.2 6820.7 1211111
659986.2 7628.4 1211111
663507.6 7112.3 1211111
660846.9 8129.9 1211111
661874.5 8376.2 1211111
656587.4 8750.6 1211111
663608.7 4062.2 1211111
664057.5 8791.4 1211111
668672.7 9022.1 1211111
663800.2 5340.2 1211111
608472.1 6303.0 1211111
639136.4 9833.2 1211111
599128.3 8286.1 1211111
605102.9 10919.2 1211111
646718.0 6334.8 1211111
613518.8 5961.3 1211111
610404.5 8317.2 1211111
633609.1 8537.3 1211111
647388.7 10877.6 1211111
608247.3 9945.6 1211111
616743.0 11075.3 1211111
641845.9 9297.4 1211111
608196.1 8232.4 1211111
610956.6 12085.9 1211111
643125.8 5917.3 1211111
619433.0 7783.6 1211111
617987.7 8526.4 1211111
638370.6 7690.7 1211111
644113.1 6497.3 1211111
611569.2 10463.5 1211111
608225.6 6200.0 1211111
632845.0 6306.1 1211111
597301.5 12944.8 1211111
603688.6 8216.5 1211111
635141.5 8913.9 1211111
606818.4 6003.2 1211111
605164.7 3581.4 1211111
628408.7 4972.5 1211111
634472.4 5880.9 1211111
603756.3 7044.3 1211111
601736.4 5973.1 1211111
637752.7 5196.4 1211111
602657.0 7141.2 1211111
603182.4 6184.3 1211111
644700.2 8330.6 1211111
607713.8 7001.9 1211111
608623.9 11001.3 1211111
637204.1 9480.2 1211111
637625.0 7699.2 1211111
605585.0 7343.3 1211111
569311.7 4372.1 1211111
592702.9 7188.4 1211111
567509.7 3528.9 1211111
573880.2 2984.0 1211111
622365.1 8713.9 1211111
588471.7 9371.9 1211111
577595.4 5506.7 1211111
604865.4 6712.2 1211111
613899.5 7017.5 1211111
572682.9 10282.5 1211111
579874.1 8644.4 1211111
609556.6 12337.3 1211111
569499.5 8070.4 1211111
577579.3 4055.5 1211111
621313.0 7432.1 1211111
586600.6 3719.5 1211111
593382.1 8593.3 1211111
613251.9 10855.8 1211111
616648.5 4636.1 1211111
581077.8 6132.2 1211111
605084.0 6897.7 1211111
632029.1 10025.5 1211111
598899.7 8211.5 1211111
604028.9 5891.7 1211111
640619.3 7319.0 1211111
606472.2 6867.1 1211111
607922.8 8265.9 1211111
636046.4 7961.6 1211111
640303.6 6876.2 1211111
608289.4 5127.0 1211111
606929.4 8101.4 1211111
641119.5 5212.9 1211111
606229.3 4781.5 1211111
603371.0 6604.0 1211111
645422.4 10431.0 1211111
607757.3 8682.6 1211111
619169.9 7654.4 1211111
639079.6 7057.3 1211111
641090.5 7308.8 1211111
607514.9 6970.2 1211111
632832.2 10632.0 1211111
668103.2 7355.6 1211111
622782.2 8875.7 1211111
627556.4 5276.2 1211111
671490.9 7899.0 1211111
638586.0 5367.0 1211111
634766.3 3684.4 1211111
667822.6 7907.4 1211111
667254.4 5536.3 1211111
635049.8 5318.3 1211111
638400.3 7339.5 1211111
665418.4 7484.8 1211111
629860.6 8188.9 1211111
628771.7 10699.5 1211111
669529.2 4440.9 1211111
639804.1 7602.4 1211111
645002.3 6071.0 1211111
672809.6 8005.4 1211111
679433.1 10142.7 1211111
639953.4 11047.8 1211111
622798.6 10124.3 1211111
656424.3 7852.8 1211111
619968.2 9967.6 1211111
621879.4 6537.8 1211111
657277.0 8303.6 1211111
633877.5 5915.6 1211111
633140.6 7648.6 1211111
656504.6 11458.0 1211111
663226.9 7834.4 1211111
632913.6 9691.6 1211111
626012.6 8318.6 1211111
660757.6 6250.3 1211111
631107.7 9049.9 1211111
634552.9 9046.0 1211111
667490.0 10196.5 1211111
633885.1 6165.2 1211111
645214.6 12193.7 1211111
656057.9 10169.1 1211111
668959.4 5607.4 1211111
631494.4 9540.4 1211111
598155.7 5049.5 1211111
626976.6 8714.9 1211111
599102.1 8650.7 1211111
596733.2 11416.4 1211111
641437.6 8694.0 1211111
607970.8 8371.4 1211111
615754.3 8260.7 1211111
633386.0 6705.3 1211111
643214.1 12299.4 1211111
604889.6 8540.1 1211111
605457.4 9640.7 1211111
635172.7 9512.8 1211111
604749.2 7753.4 1211111
602795.2 9800.1 1211111
648037.2 8376.5 1211111
612195.5 5632.4 1211111
617423.9 7919.4 1211111
637385.3 6137.1 1211111
647263.7 5865.1 1211111
610695.4 8359.6 1211111
627201.8 5724.4 1211111
658663.1 5844.1 1211111
620700.3 7396.5 1211111
628446.4 3463.8 1211111
666326.0 7455.5 1211111
631853.8 10958.2 1211111
637898.1 8172.1 1211111
661987.4 9123.8 1211111
666059.1 4649.1 1211111
628392.8 9507.4 1211111
640248.9 7327.8 1211111
662804.4 11575.8 1211111
620520.2 7761.4 1211111
630963.1 5295.1 1211111
665626.2 5626.7 1211111
632318.3 6610.9 1211111
645701.9 6309.3 1211111
670314.9 4430.6 1211111
677326.9 6930.8 1211111
631998.5 5838.2 1211111
609085.6 6279.6 1211111
635663.4 8330.1 1211111
605062.8 7554.6 1211111
601898.8 7883.0 1211111
642649.8 9635.7 1211111
606538.3 7973.4 1211111
614811.1 7256.2 1211111
637541.9 10348.3 1211111
644822.9 7275.4 1211111
608512.4 7663.2 1211111
610567.4 7318.0 1211111
635972.7 6414.4 1211111
603005.0 9890.9 1211111
607780.6 5661.2 1211111
645543.9 7199.7 1211111
620708.0 6279.0 1211111
619503.4 6312.0 1211111
640260.1 4375.6 1211111
652562.1 5125.8 1211111
610839.9 6040.8 1211111
605385.7 6077.3 1211111
633080.2 10374.1 1211111
600047.1 8452.4 1211111
605869.5 10538.4 1211111
635903.0 8692.8 1211111
599352.3 6625.6 1211111
606965.7 5620.2 1211111
640955.7 6989.1 1211111
633673.6 6894.7 1211111
599734.1 6122.4 1211111
612322.9 7127.8 1211111
637791.2 8340.9 1211111
603532.7 6365.6 1211111
603873.3 7450.9 1211111
644580.0 6045.5 1211111
611368.1 9693.3 1211111
615504.7 6668.9 1211111
639592.1 5447.8 1211111
643416.4 9704.3 1211111
606397.0 9958.9 1211111
608504.9 7012.7 1211111
636475.6 5632.6 1211111
605737.6 6757.0 1211111
605731.0 6072.0 1211111
643672.8 6659.1 1211111
609934.0 7515.4 1211111
611487.6 6757.5 1211111
638537.2 5352.1 1211111
638977.5 10227.5 1211111
611660.2 6861.7 1211111
611334.9 6932.6 1211111
647207.3 3937.1 1211111
606270.6 9948.6 1211111
615547.3 4116.1 1211111
654810.5 8652.1 1211111
613565.2 6386.9 1211111
621931.9 6684.2 1211111
644443.0 7378.8 1211111
647822.8 6511.9 1211111
617295.0 9436.4 1211111
600009.7 4388.6 1211111
632993.0 4152.9 1211111
605077.9 8627.4 1211111
595329.6 6287.7 1211111
640396.6 8874.2 1211111
608539.4 7228.0 1211111
614918.7 3902.1 1211111
642458.3 6909.9 1211111
638283.6 4621.9 1211111
607321.6 7193.1 1211111
613509.6 11107.5 1211111
638930.5 9750.3 1211111
605711.6 9813.7 1211111
608059.7 6168.2 1211111
647756.5 8501.6 1211111
608052.1 6780.0 1211111
607725.1 8815.0 1211111
649164.8 10637.3 1211111
649948.2 5194.6 1211111
609983.7 5320.1 1211111
629894.8 6091.4 1211111
669320.9 7733.2 1211111
628502.1 9784.3 1211111
629923.7 6128.7 1211111
671046.1 9088.9 1211111
638158.5 6702.2 1211111
641629.5 7177.0 1211111
661478.3 8257.8 1211111
670672.8 7497.7 1211111
637563.2 8011.0 1211111
633349.2 6995.6 1211111
666713.1 5441.9 1211111
630180.8 10632.3 1211111
632805.8 3530.0 1211111
678837.8 7279.9 1211111
645727.0 7285.8 1211111
642873.0 8066.4 1211111
670076.3 8264.9 1211111
681906.4 10022.5 1211111
638671.8 6146.7 1211111
624630.3 5648.3 1211111
654262.5 8557.2 1211111
629746.0 9130.5 1211111
630628.9 10288.8 1211111
664308.7 7865.2 1211111
635184.6 7522.7 1211111
637391.3 8810.5 1211111
653570.2 6947.6 1211111
659406.9 7015.6 1211111
632204.1 8742.1 1211111
631346.1 7983.4 1211111
662473.0 9789.4 1211111
631622.9 6788.2 1211111
626174.5 6378.4 1211111
677055.3 9959.4 1211111
639521.8 11712.0 1211111
640584.6 3768.3 1211111
658484.8 5991.3 1211111
664913.6 6956.1 1211111
632133.7 7112.2 1211111
640589.6 6768.2 1211111
663935.3 5104.3 1211111
631125.5 6894.0 1211111
634575.3 4951.2 1211111
668770.2 6043.9 1211111
630990.8 5693.7 1211111
640883.3 7241.2 1211111
667498.2 7662.4 1211111
673095.6 5241.4 1211111
634527.8 7381.2 1211111
638590.8 4255.6 1211111
674847.3 6343.3 1211111
638212.2 13805.5 1211111
640128.6 3105.2 1211111
679948.4 7450.0 1211111
643838.6 10629.3 1211111
647312.2 7717.3 1211111
665710.9 10376.1 1211111
677506.3 8703.8 1211111
643476.4 6974.7 1211111
627534.8 6003.2 1211111
662652.8 7192.8 1211111
622881.4 6334.7 1211111
626993.9 5019.1 1211111
666095.9 8132.6 1211111
632365.9 6711.8 1211111
632400.1 8660.0 1211111
664766.0 8363.3 1211111
668764.7 7505.8 1211111
630170.5 8051.4 1211111
631607.8 3731.0 1211111
669024.0 5280.5 1211111
631326.4 8479.4 1211111
632329.6 5358.1 1211111
671853.6 5770.5 1211111
635657.8 10987.6 1211111
636473.9 6989.2 1211111
664993.9 7927.5 1211111
666535.4 5120.7 1211111
641351.1 7101.9 1211111
595232.8 7597.3 1211111
627734.3 9154.9 1211111
594146.6 9045.9 1211111
591202.8 5848.7 1211111
634494.5 8667.8 1211111
598930.8 6255.5 1211111
604909.3 3556.1 1211111
627159.4 11781.1 1211111
637415.8 7017.1 1211111
597492.2 10509.2 1211111
603287.4 9932.9 1211111
630376.0 6773.1 1211111
597818.8 9025.1 1211111
596795.5 5627.2 1211111
643896.1 9077.5 1211111
597210.4 4819.7 1211111
609985.3 10034.2 1211111
626638.9 7702.2 1211111
642328.7 10665.7 1211111
603967.3 10622.9 1211111
623534.8 5140.6 1211111
648433.0 7110.5 1211111
619884.9 5671.0 1211111
619081.4 4948.3 1211111
658043.3 9924.7 1211111
631216.6 8817.1 1211111
632696.9 5958.1 1211111
655284.2 10891.7 1211111
658781.3 7509.4 1211111
623817.9 8313.0 1211111
631650.5 5605.5 1211111
650917.2 5686.8 1211111
616906.7 6824.5 1211111
625695.0 8853.4 1211111
667975.4 9796.1 1211111
627804.4 7739.3 1211111
630570.1 8253.4 1211111
657509.4 5635.8 1211111
663265.4 8242.1 1211111
624582.2 5957.7 1211111
599599.1 10179.0 1211111
626867.7 7933.1 1211111
584868.2 8414.4 1211111
594090.0 8522.1 1211111
639461.1 8263.3 1211111
593217.6 5979.9 1211111
604290.4 8249.9 1211111
626673.7 8944.8 1211111
635091.4 7799.5 1211111
599025.1 6507.9 1211111
603890.4 9086.1 1211111
631366.9 8685.6 1211111
597575.5 9432.2 1211111
595593.3 9540.4 1211111
641984.6 8040.7 1211111
611225.3 7455.5 1211111
612010.7 10503.5 1211111
642158.4 9009.4 1211111
639818.7 4242.0 1211111
605189.0 6944.8 1211111
592524.5 9645.2 1211111
624635.4 4236.2 1211111
592193.5 6588.2 1211111
590813.7 10176.4 1211111
635222.1 7454.7 1211111
595943.6 7895.6 1211111
603362.4 7485.7 1211111
623631.0 6692.9 1211111
624318.1 11366.7 1211111
595110.2 8539.5 1211111
599635.1 9995.9 1211111
633353.7 8851.8 1211111
592450.9 10231.6 1211111
594035.6 8841.2 1211111
633377.6 4894.7 1211111
602310.7 8394.9 1211111
608881.0 5947.6 1211111
631236.9 8946.9 1211111
636638.9 8771.2 1211111
606465.5 11533.0 1211111
621962.4 11433.3 1211111
621029.3 9305.0 1211111
620660.9 9055.5 1211111
628251.9 5414.3 1211111
633368.8 9274.0 1211111
619913.4 6052.8 1211111
629557.6 5094.8 1211111
619326.1 8749.2 1211111
622028.8 6421.6 1211111
626590.8 9765.2 1211111
634751.8 9020.2 1211111
628262.2 6316.5 1211111
647870.4 6032.4 1211111
633865.4 4482.7 1211111
651944.5 6198.1 1211111
651037.6 6079.7 1211111
652367.5 5695.1 1211111
645780.1 7129.1 1211111
652766.3 4119.7 1211111
646627.0 10940.1 1211111
654408.7 9928.3 1211111
654181.2 4583.6 1211111
656707.1 7444.7 1211111
649474.5 3021.8 1211111
631667.7 7223.3 1211111
621423.5 10727.1 1211111
624347.9 10879.3 1211111
637709.3 9095.3 1211111
630718.1 9090.5 1211111
625119.1 9741.3 1211111
626663.2 5827.6 1211111
621999.3 7740.6 1211111
624502.7 7893.5 1211111
626631.3 10573.1 1211111
636251.3 6593.9 1211111
633763.1 7099.4 1211111
617216.8 7425.9 1211111
608325.3 10578.7 1211111
616430.9 8458.9 1211111
615592.2 7132.3 1211111
630482.4 9762.2 1211111
618711.7 8883.3 1211111
624283.1 9854.5 1211111
620026.1 7834.5 1211111
626518.0 8795.5 1211111
625002.0 7746.8 1211111
638345.7 8329.3 1211111
620310.7 6200.3 1211111
631393.7 3155.0 1211111
655280.7 6893.4 1211111
617238.4 5202.0 1211111
631129.6 7521.7 1211111
661999.1 4314.9 1211111
627234.2 5465.6 1211111
637884.4 8110.7 1211111
667280.9 4797.2 1211111
664397.2 8474.6 1211111
630324.1 7841.1 1211111
633587.7 4712.9 1211111
666848.5 7124.3 1211111
623976.4 8065.0 1211111
634520.9 7104.4 1211111
671779.1 5216.0 1211111
638875.6 9762.0 1211111
634467.4 9011.3 1211111
664809.6 8986.1 1211111
670782.9 9488.8 1211111
640133.8 6801.7 1211111
622717.6 7772.1 1211111
656271.0 6238.3 1211111
626837.6 8070.1 1211111
618824.7 8939.5 1211111
657639.4 5853.9 1211111
619809.3 6135.5 1211111
629070.7 4888.1 1211111
652524.9 8337.5 1211111
660727.6 8791.1 1211111
628913.2 5518.8 1211111
625122.8 5574.9 1211111
660340.4 5255.1 1211111
617653.4 7231.6 1211111
633841.0 6899.7 1211111
661789.7 4377.6 1211111
624160.8 9517.2 1211111
629786.9 5962.1 1211111
656339.4 10865.8 1211111
663783.0 7352.0 1211111
625122.5 6624.0 1211111
597764.5 5550.4 1211111
630981.9 8138.4 1211111
586444.7 10362.6 1211111
595878.2 12042.4 1211111
643668.5 6734.1 1211111
600194.6 8049.6 1211111
608981.0 4841.9 1211111
627771.9 9053.1 1211111
632013.6 4542.0 1211111
595609.0 9100.9 1211111
598010.2 6350.0 1211111
632735.1 12025.4 1211111
602319.1 7589.4 1211111
607309.1 4885.5 1211111
646552.5 7246.7 1211111
603446.8 7129.5 1211111
612968.1 7647.9 1211111
635781.7 8728.6 1211111
647257.5 9864.7 1211111
608930.2 8000.1 1211111
626601.5 6551.9 1211111
655556.0 7002.9 1211111
622481.0 4756.1 1211111
627808.4 5017.2 1211111
666168.2 6822.1 1211111
628852.7 8101.4 1211111
628247.2 7350.5 1211111
665116.1 12686.8 1211111
655749.8 6659.5 1211111
623755.8 5622.7 1211111
630256.8 4113.5 1211111
663547.6 7061.5 1211111
630480.5 8754.5 1211111
632194.0 6610.8 1211111
664628.8 8025.0 1211111
629497.2 11573.5 1211111
640997.2 8957.8 1211111
660147.5 5619.2 1211111
669411.5 8314.2 1211111
633347.4 6304.7 1211111
653512.6 5744.3 1211111
660998.2 12177.9 1211111
658092.1 6177.8 1211111
654411.5 8943.4 1211111
662010.6 6745.7 1211111
654776.8 5427.7 1211111
659346.2 5645.5 1211111
652536.2 9519.1 1211111
665478.8 7431.0 1211111
663927.5 10493.6 1211111
667757.2 6633.1 1211111
661580.7 6289.1 1211111
649878.7 6205.1 1211111
642577.5 7560.5 1211111
655842.5 5419.6 1211111
653417.0 6666.6 1211111
650321.6 7411.2 1211111
647014.2 6059.3 1211111
651282.2 9385.7 1211111
642501.0 7815.8 1211111
655202.4 7099.7 1211111
656368.7 15099.5 1211111
656350.4 5654.9 1211111
658330.1 6479.6 1211111
628433.7 4097.0 1211111
612512.1 10236.3 1211111
623898.3 5372.3 1211111
623179.2 9135.6 1211111
637837.3 8426.6 1211111
627458.2 8204.5 1211111
622778.1 5659.3 1211111
628242.1 5667.5 1211111
628291.6 6609.9 1211111
630492.5 9967.8 1211111
645575.6 8335.3 1211111
629217.9 11038.9 1211111
657555.2 8819.2 1211111
645742.6 7058.8 1211111
654130.8 5880.9 1211111
655898.0 8909.5 1211111
657070.9 9384.3 1211111
660668.1 8201.1 1211111
662846.6 9940.6 1211111
653553.9 7924.0 1211111
652060.6 8298.0 1211111
666605.2 8609.8 1211111
659491.6 6220.9 1211111
663417.9 15493.0 1211111
638455.5 6680.2 1211111
618519.5 10244.3 1211111
626577.1 5814.8 1211111
643082.8 6600.6 1211111
643714.9 7102.6 1211111
625934.7 4021.1 1211111
637184.9 9084.0 1211111
624359.0 3652.9 1211111
638742.1 5861.4 1211111
641834.4 7786.6 1211111
647756.8 5261.3 1211111
635445.5 7185.8 1211111
662655.9 5278.4 1211111
659448.4 7926.9 1211111
659466.0 7487.7 1211111
663158.5 5502.3 1211111
666544.7 6819.3 1211111
665007.0 6321.6 1211111
663437.6 8143.7 1211111
667544.9 6646.9 1211111
675788.0 6905.3 1211111
672812.3 12351.4 1211111
668754.0 8660.3 1211111
665989.2 6542.4 1211111
638855.0 9584.7 1211111
631368.2 7230.6 1211111
636088.2 9299.0 1211111
637117.7 7775.8 1211111
642514.4 8106.6 1211111
641426.4 8604.0 1211111
645655.0 9876.1 1211111
637956.9 7328.3 1211111
642975.4 9656.7 1211111
637127.4 9598.1 1211111
653464.4 6724.2 1211111
634695.1 7966.2 1211111
637056.6 8885.8 1211111
626049.7 7139.4 1211111
625425.7 6715.4 1211111
629002.8 10280.8 1211111
638130.9 7034.2 1211111
630240.6 9938.4 1211111
647142.2 11950.4 1211111
632071.2 10000.9 1211111
638768.1 8663.3 1211111
639932.6 8899.4 1211111
641696.1 6654.0 1211111
633420.0 9403.4 1211111
671167.3 9858.4 1211111
665058.3 7441.2 1211111
673911.9 10243.1 1211111
671476.6 7216.7 1211111
670783.4 8693.3 1211111
674341.5 11216.6 1211111
675350.5 4173.9 1211111
662878.9 9098.0 1211111
670745.1 6628.1 1211111
680212.4 5856.2 1211111
677127.6 7599.5 1211111
684910.2 6419.5 1211111
656983.4 5301.7 1211111
653673.5 5661.0 1211111
658161.8 7940.5 1211111
664781.9 8647.8 1211111
666155.7 10569.5 1211111
664796.2 9758.2 1211111
666040.7 7752.1 1211111
664114.0 5022.3 1211111
667619.3 5633.1 1211111
676515.8 11906.6 1211111
671839.9 5402.7 1211111
665451.6 5550.0 1211111
636896.9 9344.4 1211111
627718.5 8965.1 1211111
636713.0 4423.8 1211111
635259.7 7468.2 1211111
640012.9 7090.5 1211111
641059.8 9319.9 1211111
642556.9 8523.0 1211111
635368.3 10709.2 1211111
643171.1 9760.0 1211111
645891.7 8809.6 1211111
650298.1 8765.8 1211111
646001.5 9874.8 1211111
659860.7 5177.0 1211111
659936.8 8154.7 1211111
650673.3 6033.8 1211111
666750.6 4294.4 1211111
673232.1 6627.1 1211111
669415.4 8248.8 1211111
667929.9 9744.9 1211111
665022.5 3749.6 1211111
662848.2 6175.8 1211111
676842.6 9312.7 1211111
673747.2 11443.2 1211111
671562.3 5332.9 1211111
608266.3 8679.1 1211111
641375.6 5901.2 1211111
594906.7 5987.3 1211111
599505.1 10062.9 1211111
646703.1 4644.7 1211111
613119.9 5299.1 1211111
618252.7 8203.4 1211111
636079.4 6991.8 1211111
650371.2 9704.3 1211111
609532.7 8329.4 1211111
613327.6 6746.9 1211111
645063.1 7536.0 1211111
605439.9 8819.7 1211111
608661.6 9034.6 1211111
651288.3 7814.0 1211111
618827.7 5974.8 1211111
621897.8 7936.3 1211111
648629.0 8922.7 1211111
646540.2 8471.0 1211111
614836.2 5989.6 1211111
638675.1 9275.2 1211111
658700.4 6526.6 1211111
631273.8 4199.7 1211111
632333.7 7663.3 1211111
670439.6 9371.2 1211111
635466.7 9642.0 1211111
635896.3 6859.5 1211111
668189.2 6319.2 1211111
669183.4 6541.0 1211111
635412.6 8256.9 1211111
639728.8 5467.7 1211111
662235.0 5246.6 1211111
634349.6 9510.3 1211111
642189.4 6306.0 1211111
673714.6 7154.4 1211111
638814.2 7273.2 1211111
646008.6 4494.3 1211111
669862.3 4763.0 1211111
674063.2 7274.4 1211111
635279.1 5092.4 1211111
613065.2 5481.7 1211111
639561.4 9249.9 1211111
599667.8 13356.3 1211111
606151.3 8919.5 1211111
645686.0 7346.6 1211111
605464.2 8538.7 1211111
611997.6 8750.3 1211111
645242.0 5731.8 1211111
646127.3 8558.1 1211111
607945.2 6429.8 1211111
604608.8 8391.3 1211111
644843.1 8483.6 1211111
604419.5 5305.6 1211111
614578.7 10075.5 1211111
656182.9 4975.3 1211111
618279.7 11044.0 1211111
624489.9 12238.7 1211111
644933.7 11250.8 1211111
647904.7 8663.1 1211111
616608.9 8233.8 1211111
611461.4 4424.8 1211111
627240.8 9485.2 1211111
595878.3 4622.9 1211111
598166.6 9563.2 1211111
630510.3 5882.9 1211111
604465.5 7999.5 1211111
612232.8 9565.3 1211111
633257.2 10332.7 1211111
638331.2 5002.4 1211111
604086.9 6597.4 1211111
612270.2 10904.5 1211111
651970.3 10164.4 1211111
605475.2 6257.6 1211111
609702.4 12727.9 1211111
651708.9 9339.7 1211111
609907.4 9024.5 1211111
615292.8 9732.8 1211111
641012.8 13989.6 1211111
640260.7 7897.4 1211111
614490.3 6439.1 1211111
630891.6 11619.9 1211111
620957.7 10062.7 1211111
632231.9 7808.3 1211111
635118.7 7950.0 1211111
650444.2 11477.2 1211111
628723.9 5926.4 1211111
632603.6 7871.0 1211111
628915.7 7775.8 1211111
638889.3 3955.1 1211111
642714.9 8618.4 1211111
641321.2 7228.7 1211111
632995.8 3226.0 1211111
661569.6 8457.3 1211111
659405.4 9162.6 1211111
662655.7 8213.5 1211111
667532.1 8099.9 1211111
664998.3 6457.2 1211111
662998.5 4295.4 1211111
667737.0 1902.3 1211111
660144.6 9225.7 1211111
664265.2 7002.9 1211111
663588.1 7268.3 1211111
665298.7 5465.3 1211111
666010.1 5966.0 1211111
624111.7 8163.7 1211111
616317.3 7234.2 1211111
624343.1 8085.1 1211111
639355.8 8544.3 1211111
643130.8 7404.6 1211111
635641.4 3830.0 1211111
636894.8 4609.2 1211111
628560.2 5616.5 1211111
639831.7 8568.3 1211111
638372.0 8221.2 1211111
654437.0 6317.9 1211111
640257.6 6765.2 1211111
627886.3 8771.8 1211111
622088.9 3558.1 1211111
625694.5 8647.1 1211111
634544.5 9598.2 1211111
636742.9 5416.2 1211111
634458.6 5688.8 1211111
632861.2 6394.9 1211111
630883.8 11125.0 1211111
631346.1 8928.6 1211111
648422.9 11372.8 1211111
640523.3 8771.8 1211111
640217.0 10324.5 1211111
637011.4 4893.6 1211111
669278.2 6748.6 1211111
639121.7 6056.9 1211111
641743.8 5793.4 1211111
673937.6 7293.5 1211111
646281.4 6679.9 1211111
649325.4 9717.4 1211111
671184.5 8488.9 1211111
678334.0 10181.3 1211111
644526.7 4992.9 1211111
645401.4 9333.5 1211111
684213.4 11030.5 1211111
642350.7 8103.6 1211111
645235.8 8512.4 1211111
679360.3 10304.2 1211111
649665.6 7498.4 1211111
650256.7 8803.2 1211111
674888.9 7658.9 1211111
688535.9 8943.8 1211111
645541.1 6448.5 1211111
636206.6 9470.9 1211111
658933.1 6583.6 1211111
624925.6 9048.2 1211111
632847.9 10549.2 1211111
672423.1 6419.0 1211111
635667.1 5532.3 1211111
644704.5 10252.5 1211111
665793.0 5475.9 1211111
666275.5 7991.6 1211111
638735.0 8007.4 1211111
638277.4 8865.1 1211111
670544.1 6723.7 1211111
636297.1 4150.2 1211111
631941.0 7506.7 1211111
677444.1 7550.3 1211111
644044.7 7040.9 1211111
635823.8 5565.8 1211111
665288.4 7267.8 1211111
675548.6 8470.8 1211111
634230.6 4866.8 1211111
612601.6 8204.2 1211111
642485.4 7869.9 1211111
605355.9 10120.5 1211111
604147.0 5196.7 1211111
645916.2 5513.5 1211111
613338.3 9324.9 1211111
617442.4 5270.6 1211111
644956.7 6488.0 1211111
640551.6 9005.8 1211111
608129.2 7342.6 1211111
616751.4 8339.7 1211111
646943.2 10253.4 1211111
607763.3 7189.8 1211111
608027.0 9534.1 1211111
651611.3 7842.5 1211111
612042.9 10168.6 1211111
621289.5 5175.3 1211111
647562.3 7013.3 1211111
654055.3 6702.9 1211111
609634.8 7741.7 1211111
635219.2 8290.7 1211111
669309.9 6305.5 1211111
626460.9 7564.4 1211111
632630.5 9759.1 1211111
674001.2 10019.2 1211111
642524.8 8503.7 1211111
639743.9 8625.4 1211111
670691.5 6977.2 1211111
676214.3 8241.7 1211111
640467.8 8403.3 1211111
644645.9 6938.6 1211111
672025.5 5541.2 1211111
635743.2 7508.4 1211111
638449.9 5907.4 1211111
676692.0 8530.2 1211111
643513.4 7474.2 1211111
648926.4 13144.0 1211111
670145.4 4571.2 1211111
682760.0 5929.1 1211111
646270.7 9531.0 1211111
667998.2 7492.5 1211111
660293.6 6334.8 1211111
665671.9 3275.2 1211111
670682.2 7883.8 1211111
674328.0 8852.0 1211111
661991.5 5524.8 1211111
669896.2 11397.8 1211111
663599.7 9874.7 1211111
671049.8 9134.9 1211111
663466.3 7997.6 1211111
680772.3 9951.8 1211111
672589.6 5267.0 1211111
660673.5 8762.7 1211111
653351.8 9456.9 1211111
658084.6 13998.8 1211111
659812.9 7728.8 1211111
666657.0 4684.9 1211111
658836.0 11073.7 1211111
663674.7 6600.6 1211111
658884.4 10073.2 1211111
676083.7 7124.0 1211111
666298.3 7298.4 1211111
672051.6 10372.7 1211111
663761.6 11411.7 1211111
636660.5 7637.2 1211111
629578.0 8667.3 1211111
635868.2 9284.5 1211111
642746.0 11237.0 1211111
645332.3 8142.5 1211111
637898.3 6672.9 1211111
642674.7 7324.8 1211111
627357.3 12859.7 1211111
640602.7 8815.4 1211111
641433.5 11138.0 1211111
650577.5 8523.1 1211111
645432.6 9860.8 1211111
665930.0 10594.7 1211111
652709.7 6730.3 1211111
662365.2 7224.6 1211111
672642.2 7949.3 1211111
663281.7 7791.5 1211111
670386.3 5326.4 1211111
668859.0 6521.1 1211111
659046.4 7485.2 1211111
667138.1 5304.5 1211111
671246.7 10103.7 1211111
664150.6 6862.9 1211111
671662.1 3785.5 1211111
590686.8 7798.9 1211211
626171.2 8143.6 1211211
584745.2 6684.9 1211211
582061.8 9450.8 1211211
627762.5 6111.2 1211211
595090.1 8186.9 1211211
590422.6 7664.7 1211211
622921.0 6010.8 1211211
635635.7 10516.7 1211211
592738.3 6839.6 1211211
593629.1 6326.6 1211211
625518.0 11917.9 1211211
591791.0 6314.7 1211211
593453.7 7418.1 1211211
646385.5 8930.0 1211211
601570.5 9142.1 1211211
600192.7 4222.0 1211211
630701.6 7308.2 1211211
642179.4 15116.3 1211211
594511.2 7929.5 1211211
583320.9 9092.9 1211211
614701.1 6503.2 1211211
583136.2 5606.3 1211211
584544.8 7497.1 1211211
632688.2 7084.9 1211211
589589.6 4562.9 1211211
588608.2 6511.1 1211211
613720.7 5026.3 1211211
623609.5 7167.6 1211211
586537.4 8540.1 1211211
586037.3 5013.7 1211211
620175.8 5029.3 1211211
592032.3 5130.8 1211211
585539.8 10714.9 1211211
634820.5 12215.8 1211211
591449.0 8797.8 1211211
598327.8 7586.4 1211211
629184.5 10134.2 1211211
625069.3 11090.6 1211211
588042.2 2436.1 1211211
557125.6 8581.9 1211211
588501.2 7127.0 1211211
554705.4 9268.0 1211211
557948.6 11410.9 1211211
601178.2 7496.8 1211211
566384.7 11121.9 1211211
565963.1 6722.7 1211211
603308.4 10652.7 1211211
597404.3 7692.7 1211211
565587.6 7883.8 1211211
558106.6 3072.3 1211211
595776.9 7704.9 1211211
555284.2 5402.2 1211211
563761.6 7617.8 1211211
607578.0 4203.1 1211211
568680.0 10473.9 1211211
577596.5 5484.4 1211211
599965.9 8368.3 1211211
614218.2 10480.9 1211211
569678.6 6267.2 1211211
578605.4 6784.9 1211211
621407.7 7186.9 1211211
586034.8 8860.1 1211211
581714.1 5097.9 1211211
625918.3 8861.8 1211211
590438.1 7005.7 1211211
593431.7 8264.3 1211211
627782.9 9549.8 1211211
624629.7 8066.7 1211211
593278.5 8408.5 1211211
592158.0 6285.5 1211211
629689.5 10012.7 1211211
600051.3 8068.5 1211211
584410.7 8330.5 1211211
633673.6 9872.4 1211211
599663.7 10628.5 1211211
596945.3 4019.4 1211211
622157.5 5482.1 1211211
631794.1 10615.8 1211211
594290.3 7010.2 1211211
616634.9 6787.2 1211211
645420.9 8995.1 1211211
617490.1 7815.7 1211211
616934.7 7958.5 1211211
661560.4 10171.9 1211211
622652.5 6610.4 1211211
616370.5 8023.8 1211211
657377.9 7241.2 1211211
661158.8 8295.0 1211211
619212.9 6903.3 1211211
626444.8 9375.8 1211211
653630.8 5472.1 1211211
619609.0 7135.6 1211211
622150.2 7111.0 1211211
661797.3 6427.1 1211211
623335.2 10012.3 1211211
626273.0 14228.6 1211211
662033.6 6170.8 1211211
659353.9 8698.7 1211211
629912.8 11084.3 1211211
608637.3 9151.5 1211211
642797.5 7515.2 1211211
606063.1 7456.1 1211211
603230.7 5671.7 1211211
645660.6 11419.7 1211211
609335.8 7886.5 1211211
622282.5 9591.5 1211211
650434.1 8487.7 1211211
654168.2 9965.2 1211211
610306.4 6790.8 1211211
614078.7 9158.9 1211211
660719.5 9981.7 1211211
609814.6 9868.0 1211211
614209.8 5114.7 1211211
668421.6 7875.7 1211211
619163.7 8273.0 1211211
620606.0 9297.5 1211211
650716.6 8539.7 1211211
644885.4 7178.9 1211211
623389.7 3433.6 1211211
586835.8 6061.2 1211211
613991.9 6378.5 1211211
576141.6 10558.0 1211211
580400.9 9513.2 1211211
630265.3 8623.0 1211211
593738.2 13426.0 1211211
589135.4 9116.0 1211211
618853.9 10429.0 1211211
629879.3 10072.7 1211211
586368.8 9547.8 1211211
591217.9 7716.7 1211211
628349.9 6861.0 1211211
595038.1 8312.1 1211211
594783.2 6878.6 1211211
644775.5 12258.7 1211211
593251.9 11854.3 1211211
600522.8 9254.7 1211211
630463.5 12110.1 1211211
636759.2 11055.3 1211211
597165.8 9722.3 1211211
614271.2 7767.6 1211211
649854.4 9863.6 1211211
606896.5 7721.8 1211211
605166.0 8547.8 1211211
651253.2 6013.0 1211211
616503.2 7329.4 1211211
617250.8 5751.6 1211211
649282.3 10173.3 1211211
655102.4 8069.3 1211211
617396.1 8664.0 1211211
616702.7 7521.4 1211211
648759.1 5986.8 1211211
613643.2 7246.9 1211211
610185.6 4195.4 1211211
653159.0 6499.4 1211211
625866.6 7330.4 1211211
623738.7 6223.7 1211211
649956.6 6425.2 1211211
667706.4 7387.6 1211211
625030.0 8986.0 1211211
583015.6 5238.5 1211211
621897.6 7949.8 1211211
587817.2 4198.4 1211211
587130.4 6621.5 1211211
632209.6 16851.0 1211211
597957.5 8799.5 1211211
599433.1 4596.3 1211211
618332.6 10005.3 1211211
627265.9 10343.9 1211211
598590.2 6678.3 1211211
596972.5 7981.6 1211211
630741.1 8272.4 1211211
590367.0 8493.9 1211211
587663.0 8070.2 1211211
633600.7 7961.6 1211211
597966.7 8314.0 1211211
601890.8 7190.0 1211211
636776.5 9180.2 1211211
635087.4 7504.7 1211211
600788.6 7745.8 1211211
581356.2 5349.0 1211211
622412.3 9309.2 1211211
582278.2 7450.0 1211211
580300.5 6042.4 1211211
626488.3 5195.8 1211211
598197.3 9868.9 1211211
589469.1 8646.8 1211211
621421.2 7034.7 1211211
625154.7 6742.3 1211211
590409.4 10308.1 1211211
588030.2 7788.0 1211211
622637.0 6073.1 1211211
586679.8 5531.1 1211211
591345.3 5377.5 1211211
630884.5 10080.8 1211211
594677.1 6060.8 1211211
595526.0 9779.8 1211211
624082.0 5524.7 1211211
634120.9 7307.1 1211211
597724.1 8076.3 1211211
588976.1 7057.0 1211211
626432.2 9308.1 1211211
578006.9 9364.9 1211211
582538.8 9082.2 1211211
631472.5 7615.9 1211211
596056.2 7131.0 1211211
601326.4 6255.9 1211211
632406.8 9750.2 1211211
635048.5 9045.3 1211211
596554.2 7361.9 1211211
594619.6 7434.8 1211211
626675.3 7468.7 1211211
593638.3 8643.5 1211211
593096.4 7780.0 1211211
631760.5 9954.8 1211211
604299.2 7254.4 1211211
601379.8 10799.3 1211211
629792.2 11928.7 1211211
643389.4 11005.8 1211211
601529.2 7848.6 1211211
584422.1 4654.8 1211211
622121.0 8170.0 1211211
588096.6 7683.1 1211211
575632.4 5618.5 1211211
618723.9 9841.0 1211211
588253.0 6397.0 1211211
589392.7 5553.4 1211211
625802.6 8108.3 1211211
620653.2 5400.4 1211211
590304.1 8023.1 1211211
586956.6 8008.8 1211211
622162.8 7162.1 1211211
590614.9 7644.4 1211211
582606.0 2783.0 1211211
628335.9 9950.1 1211211
591073.4 7847.3 1211211
588727.8 6582.6 1211211
638022.7 7937.8 1211211
633675.3 11836.4 1211211
598491.2 5937.8 1211211
618528.8 4013.5 1211211
652217.7 9776.0 1211211
621951.9 11593.0 1211211
612624.8 6809.7 1211211
654822.2 9340.6 1211211
619117.6 4710.7 1211211
622700.0 6141.8 1211211
649948.2 7956.1 1211211
664025.6 7052.2 1211211
616665.1 8406.1 1211211
626196.9 7511.2 1211211
656780.0 9330.9 1211211
615388.6 9691.7 1211211
617091.2 5737.7 1211211
666919.9 10619.4 1211211
630281.4 3330.7 1211211
637831.7 7786.4 1211211
661225.6 5605.5 1211211
666626.8 8981.2 1211211
632965.8 4402.1 1211211
606962.9 9242.3 1211211
641277.4 10730.1 1211211
608869.3 6519.7 1211211
609967.1 8056.6 1211211
653617.0 10902.2 1211211
617463.9 5431.4 1211211
619019.9 6642.5 1211211
650098.4 9166.2 1211211
654607.5 4163.3 1211211
616498.4 9193.6 1211211
610162.0 12421.3 1211211
650432.2 8721.8 1211211
621152.9 11412.1 1211211
617119.0 7992.4 1211211
656166.6 8650.5 1211211
618857.0 5342.8 1211211
626732.0 7359.8 1211211
649502.7 9263.8 1211211
662970.2 8002.7 1211211
622504.2 14645.6 1211211
620658.6 8261.9 1211211
648078.0 8085.8 1211211
619675.2 8658.3 1211211
613877.8 9666.3 1211211
665466.4 9168.4 1211211
616748.1 7758.9 1211211
615498.8 5893.4 1211211
659538.3 8025.9 1211211
662407.2 11365.9 1211211
617781.7 5702.8 1211211
618294.5 8034.4 1211211
652009.6 9384.5 1211211
623976.9 4993.4 1211211
617506.1 9112.8 1211211
674623.4 8637.1 1211211
626271.0 7499.0 1211211
634729.1 7561.5 1211211
664817.9 10187.9 1211211
665202.7 8880.1 1211211
621991.1 5363.9 1211211
608729.0 8659.5 1211211
649788.6 7324.7 1211211
605869.2 7628.3 1211211
605881.4 4250.5 1211211
653456.1 8334.2 1211211
614737.7 8757.2 1211211
619332.3 6242.3 1211211
650683.1 12361.4 1211211
653002.5 7675.7 1211211
611580.1 7363.2 1211211
620671.1 4949.5 1211211
658161.9 7779.9 1211211
618289.8 4033.7 1211211
612478.4 6911.4 1211211
658550.8 9148.5 1211211
629867.2 9580.8 1211211
626552.4 7533.8 1211211
654716.9 6076.5 1211211
655574.6 12039.2 1211211
624422.9 4670.7 1211211
629151.0 6428.6 1211211
664335.2 12320.9 1211211
630938.8 10886.1 1211211
625279.3 8181.4 1211211
674938.0 8940.3 1211211
629367.5 9951.1 1211211
630860.8 5737.0 1211211
671772.7 8763.7 1211211
674787.2 13679.8 1211211
632123.5 4946.5 1211211
626768.4 4714.7 1211211
675821.9 9329.0 1211211
626907.2 7295.3 1211211
630873.4 10187.2 1211211
675232.4 9819.6 1211211
636282.2 8420.6 1211211
646917.1 9070.8 1211211
665135.7 8792.5 1211211
673277.8 7429.2 1211211
634961.1 9067.3 1211211
623164.8 8392.9 1211211
660039.2 7314.6 1211211
626395.8 12140.6 1211211
615962.7 7597.3 1211211
661688.9 10106.5 1211211
622050.6 9643.2 1211211
629418.5 4965.5 1211211
663738.2 10204.2 1211211
667526.8 8783.1 1211211
618238.3 7312.6 1211211
631785.6 6081.8 1211211
665674.1 8697.9 1211211
631151.5 7999.9 1211211
627486.7 5387.4 1211211
669747.1 9524.0 1211211
628571.7 5636.8 1211211
636199.5 10171.3 1211211
669642.5 9067.6 1211211
677245.1 12516.1 1211211
628709.4 7502.0 1211211
592978.3 7753.1 1211211
629505.9 10210.6 1211211
592051.2 8345.7 1211211
590242.4 8864.5 1211211
633722.3 5103.4 1211211
594226.5 6891.4 1211211
597356.4 5722.2 1211211
640772.2 11030.9 1211211
635928.6 9543.5 1211211
593167.2 5619.7 1211211
597833.1 6825.9 1211211
639650.3 9410.0 1211211
596426.4 7297.8 1211211
594160.8 9646.9 1211211
640363.6 8006.8 1211211
613195.4 9710.0 1211211
611564.9 8584.9 1211211
642055.4 9971.2 1211211
638861.1 8692.7 1211211
604062.0 8046.7 1211211
623788.5 8369.7 1211211
667173.6 6491.1 1211211
613314.9 8734.8 1211211
617533.2 5885.0 1211211
668883.0 7042.3 1211211
627527.9 6837.4 1211211
627386.7 6839.2 1211211
668366.1 10288.6 1211211
667077.4 7300.6 1211211
624988.4 10750.9 1211211
629729.1 8896.0 1211211
670788.1 8478.5 1211211
632980.6 6410.7 1211211
622674.6 5596.3 1211211
679238.8 9967.4 1211211
637051.3 6519.6 1211211
636087.7 7388.9 1211211
679243.6 7976.3 1211211
677985.9 9058.3 1211211
633898.2 7106.2 1211211
655277.2 7639.5 1211211
652112.9 8133.1 1211211
647002.7 9013.8 1211211
663172.8 7828.6 1211211
667777.9 9106.5 1211211
650911.2 7604.8 1211211
659962.7 7304.0 1211211
658975.8 10073.8 1211211
656643.3 5648.1 1211211
668987.5 11451.4 1211211
682080.0 11053.0 1211211
670645.8 7136.6 1211211
648055.9 4729.7 1211211
652550.4 6554.8 1211211
643556.6 5958.3 1211211
660188.2 12248.2 1211211
647723.5 6123.1 1211211
657222.8 7259.5 1211211
655951.7 8723.6 1211211
647934.7 8474.5 1211211
654066.9 9737.3 1211211
657145.7 8098.4 1211211
663683.8 9529.9 1211211
659287.7 10017.3 1211211
622883.9 8721.6 1211211
620862.7 7057.1 1211211
620472.0 7960.3 1211211
628837.5 7705.3 1211211
630624.6 8870.1 1211211
626744.1 9857.2 1211211
626869.7 8804.3 1211211
626679.7 10584.6 1211211
622102.3 6373.8 1211211
626534.5 6752.9 1211211
633731.6 7367.0 1211211
630606.0 5988.2 1211211
650729.4 6151.8 1211211
650469.8 10430.0 1211211
649547.8 5229.3 1211211
654388.0 9193.2 1211211
660174.3 6598.8 1211211
650250.4 10639.5 1211211
649131.6 8452.7 1211211
651223.5 11289.8 1211211
660427.6 10555.0 1211211
662767.2 5029.3 1211211
667432.0 7434.9 1211211
654175.9 8551.2 1211211
624432.4 4744.0 1211211
659168.2 14261.7 1211211
625230.9 9900.1 1211211
620028.9 5344.7 1211211
664953.9 11469.0 1211211
628682.0 8868.7 1211211
633165.4 7672.7 1211211
673258.1 9094.0 1211211
671724.8 10211.1 1211211
633654.2 6926.3 1211211
630479.9 10095.1 1211211
667552.8 6735.1 1211211
632084.9 7298.2 1211211
633196.1 14795.0 1211211
682082.7 7073.6 1211211
647379.6 9942.4 1211211
640204.2 10086.5 1211211
669393.2 9264.4 1211211
685487.5 8563.7 1211211
636842.0 5912.5 1211211
620909.9 7602.2 1211211
653216.0 7262.9 1211211
626134.6 10514.5 1211211
619321.6 7685.4 1211211
667579.3 13429.1 1211211
624596.8 7856.8 1211211
627364.5 9613.4 1211211
661066.5 9474.8 1211211
670099.5 11515.7 1211211
625450.1 8247.2 1211211
621924.1 7640.7 1211211
662290.6 12516.3 1211211
628842.3 7593.8 1211211
626140.2 6587.9 1211211
678686.2 10511.3 1211211
633315.8 7069.2 1211211
634889.1 7935.5 1211211
664497.2 9462.6 1211211
673435.7 12314.2 1211211
627209.0 9475.6 1211211
629519.2 7962.8 1211211
661719.0 5829.8 1211211
627077.9 7473.4 1211211
626474.8 7958.4 1211211
675777.7 10088.1 1211211
636841.3 7235.3 1211211
637385.0 7360.5 1211211
668973.6 8378.8 1211211
673897.5 10801.5 1211211
637530.5 6557.1 1211211
636456.7 8269.7 1211211
668561.0 9636.0 1211211
634466.8 9979.2 1211211
633420.7 8092.5 1211211
681066.0 10670.2 1211211
652612.2 8398.9 1211211
639061.0 8976.8 1211211
687048.8 8423.1 1211211
684872.6 10751.1 1211211
636430.9 11967.8 1211211
621802.6 6831.3 1211211
652985.0 10961.6 1211211
611776.0 7743.4 1211211
610882.9 4723.1 1211211
668126.2 8359.8 1211211
627818.1 6065.2 1211211
628000.3 7338.9 1211211
668507.0 5746.4 1211211
671929.3 7186.0 1211211
626605.5 7569.6 1211211
634020.3 5872.0 1211211
668633.1 5532.2 1211211
627764.9 8539.3 1211211
630867.6 8419.7 1211211
675626.5 12009.0 1211211
640198.7 11379.0 1211211
643748.4 7818.3 1211211
671217.6 9841.3 1211211
669508.6 6623.5 1211211
642847.9 5196.1 1211211
647209.2 5952.8 1211211
651490.7 6918.3 1211211
660697.9 6567.6 1211211
657960.3 6732.0 1211211
656632.2 8511.3 1211211
660555.2 6599.0 1211211
659307.1 11304.8 1211211
662657.7 9747.0 1211211
663820.5 13646.6 1211211
663671.7 4848.8 1211211
670174.7 7708.8 1211211
665674.4 10690.5 1211211
647186.1 6610.0 1211211
651337.3 8061.2 1211211
643232.5 6399.9 1211211
660508.4 7297.2 1211211
653433.0 5723.1 1211211
656571.6 8808.0 1211211
649277.6 5570.5 1211211
657446.0 5141.1 1211211
657074.0 11369.7 1211211
668151.7 11293.6 1211211
658488.5 9633.2 1211211
656259.8 10760.4 1211211
653336.5 6714.7 1211211
649597.9 5310.1 1211211
654594.0 4190.6 1211211
661662.0 10392.7 1211211
662863.1 6261.1 1211211
659069.7 5769.3 1211211
664498.3 9703.7 1211211
656310.1 8763.0 1211211
660921.5 9638.7 1211211
677632.9 9729.7 1211211
664037.0 3788.4 1211211
669747.6 9336.5 1211211
648073.1 4956.2 1211211
645973.1 6529.1 1211211
644327.6 5447.0 1211211
655986.8 6786.6 1211211
657374.8 7133.6 1211211
655691.9 10686.9 1211211
660008.0 7999.8 1211211
648837.6 7962.3 1211211
647144.0 8152.7 1211211
660890.4 9566.4 1211211
669328.8 8838.3 1211211
657054.7 7599.5 1211211
597357.6 7702.5 1211211
633961.5 7268.4 1211211
588068.5 6624.4 1211211
596618.3 5244.9 1211211
636117.9 12325.9 1211211
600946.8 7400.2 1211211
603932.1 6572.9 1211211
637375.5 10643.8 1211211
637865.8 6929.5 1211211
590539.9 6499.8 1211211
601108.3 5113.4 1211211
630409.8 7062.2 1211211
605192.3 6709.4 1211211
595239.6 9337.3 1211211
656217.5 11928.0 1211211
609368.7 6228.8 1211211
607097.4 5125.2 1211211
650143.1 6916.5 1211211
640875.4 8703.4 1211211
600629.7 7309.3 1211211
589737.3 6758.5 1211211
624951.0 5450.9 1211211
597645.5 10044.3 1211211
587199.1 7319.1 1211211
633407.5 6581.9 1211211
601089.0 6894.1 1211211
599181.1 9511.0 1211211
636995.4 9339.6 1211211
630039.1 5424.2 1211211
591717.5 5435.3 1211211
597570.8 8482.5 1211211
628655.3 6366.4 1211211
600198.8 7436.1 1211211
589502.3 6220.6 1211211
642604.0 9560.0 1211211
602963.7 7173.4 1211211
603245.1 6081.3 1211211
638070.4 7054.3 1211211
639702.4 8477.8 1211211
604768.8 5752.0 1211211
566551.7 8056.0 1211211
595524.1 10834.2 1211211
561326.4 9979.8 1211211
559805.0 7914.0 1211211
606757.7 11775.3 1211211
577617.9 8466.3 1211211
568802.4 7833.1 1211211
604357.4 10422.3 1211211
599529.4 8844.9 1211211
570174.3 9431.0 1211211
571045.0 9231.1 1211211
602759.4 6003.9 1211211
561686.6 5358.3 1211211
565234.5 6489.0 1211211
622341.5 8331.0 1211211
579403.8 10545.3 1211211
579184.6 6188.7 1211211
612754.7 9273.3 1211211
618993.1 11490.3 1211211
571671.3 8083.8 1211211
589632.8 6265.9 1211211
624881.9 9782.3 1211211
584771.0 6896.4 1211211
589128.1 8156.5 1211211
634451.5 10224.2 1211211
603958.2 7272.1 1211211
599730.7 7122.8 1211211
634707.4 7079.9 1211211
630587.8 8907.2 1211211
596717.6 6349.5 1211211
594851.5 7091.0 1211211
627672.8 6760.8 1211211
599243.4 11676.9 1211211
595664.1 8634.2 1211211
641358.2 6536.0 1211211
599097.3 6417.5 1211211
602509.5 6509.8 1211211
636021.8 12344.1 1211211
636386.9 7811.5 1211211
600546.7 5888.0 1211211
623982.7 6607.7 1211211
658084.6 10265.6 1211211
620798.0 8128.3 1211211
612092.2 3907.2 1211211
669779.7 10451.3 1211211
624512.9 9060.7 1211211
629039.8 9423.4 1211211
666836.0 9727.7 1211211
668989.7 8269.7 1211211
629990.5 11742.2 1211211
628572.7 8143.1 1211211
662925.7 8002.0 1211211
627938.2 9570.1 1211211
623624.7 11904.3 1211211
672717.4 11561.0 1211211
637812.6 5161.3 1211211
640489.8 6423.9 1211211
679351.1 11515.3 1211211
674315.6 9832.1 1211211
631108.8 9227.8 1211211
617331.0 8533.9 1211211
653146.8 7687.5 1211211
620304.6 8921.1 1211211
617754.9 9135.2 1211211
665294.6 10082.9 1211211
626948.1 9267.3 1211211
624280.2 4588.3 1211211
653710.1 8968.1 1211211
663172.9 11038.4 1211211
623635.9 9919.1 1211211
633256.6 8413.4 1211211
655301.0 7057.9 1211211
625297.4 11718.1 1211211
624076.9 4657.9 1211211
666943.0 7760.4 1211211
624143.7 8321.5 1211211
624235.1 8681.6 1211211
664632.1 6315.3 1211211
668022.1 11346.7 1211211
634358.3 5183.0 1211211
587777.4 9967.4 1211211
631835.7 9116.8 1211211
581292.3 8801.7 1211211
582308.8 6045.6 1211211
639127.5 6686.7 1211211
599063.6 9407.5 1211211
597844.3 7885.6 1211211
639959.0 10260.5 1211211
631915.3 9383.7 1211211
591659.7 8296.5 1211211
598393.2 5297.8 1211211
629776.0 12255.0 1211211
594947.6 8396.7 1211211
597347.6 5591.7 1211211
645878.5 8083.1 1211211
607338.3 10565.1 1211211
600898.8 8834.7 1211211
635694.4 9725.4 1211211
640503.4 9529.7 1211211
605178.4 11410.0 1211211
618908.8 7501.2 1211211
651052.1 7139.9 1211211
617981.2 7338.5 1211211
604349.8 5200.8 1211211
665114.8 10609.4 1211211
626345.6 6682.0 1211211
620479.0 5917.2 1211211
664743.9 8966.4 1211211
668336.3 14144.7 1211211
625592.6 9654.6 1211211
620562.7 6279.7 1211211
649727.6 8748.1 1211211
625613.7 6947.1 1211211
622978.8 6092.5 1211211
669323.3 9585.9 1211211
631047.8 4919.1 1211211
625937.3 7313.0 1211211
673343.0 15485.0 1211211
667572.6 6504.0 1211211
630928.1 6895.4 1211211
598453.4 5895.7 1211211
629970.1 5610.2 1211211
598339.1 5780.9 1211211
591050.1 8830.0 1211211
645958.9 11828.8 1211211
598692.4 7081.7 1211211
603711.1 8180.7 1211211
629930.8 6993.1 1211211
634348.4 6056.8 1211211
601313.6 6618.2 1211211
603295.0 4950.5 1211211
638993.1 7146.4 1211211
603527.5 6066.3 1211211
600937.9 9110.6 1211211
642032.7 7012.5 1211211
603663.0 8456.7 1211211
607466.9 7627.3 1211211
640723.2 7367.7 1211211
643958.6 7326.5 1211211
611424.5 11301.9 1211211
584024.2 4865.9 1211211
623576.6 9136.8 1211211
598444.1 5514.4 1211211
589407.1 8914.9 1211211
638790.6 8232.4 1211211
599624.3 5294.9 1211211
600270.9 5130.1 1211211
633847.1 7822.4 1211211
637877.9 8498.6 1211211
605985.9 4769.3 1211211
600156.4 7322.9 1211211
633339.7 9617.6 1211211
594223.9 8254.7 1211211
593546.3 7053.6 1211211
641275.0 6742.4 1211211
606299.5 6791.0 1211211
600420.0 4379.2 1211211
645212.9 6299.9 1211211
639366.5 5171.9 1211211
597470.2 7336.7 1211211
601436.3 5702.1 1211211
631463.3 10420.6 1211211
594667.2 5043.5 1211211
591533.3 7411.8 1211211
639037.0 5945.1 1211211
601928.6 7509.2 1211211
603382.9 6123.4 1211211
640343.2 10714.2 1211211
635866.8 10989.6 1211211
600742.0 8315.4 1211211
609770.9 8719.8 1211211
636658.8 5956.5 1211211
607841.2 8266.2 1211211
596462.1 6374.2 1211211
653307.6 8568.1 1211211
611118.0 10538.6 1211211
608260.6 5698.2 1211211
651554.0 11301.6 1211211
650944.2 8900.5 1211211
606274.8 5364.4 1211211
585540.4 6420.4 1211211
628742.0 9061.0 1211211
595084.8 5242.5 1211211
589539.7 6999.3 1211211
634785.4 8001.9 1211211
599120.3 8904.5 1211211
596674.6 6514.5 1211211
636104.9 9871.4 1211211
635862.9 10804.7 1211211
594237.1 8414.5 1211211
604094.0 6006.0 1211211
634520.1 7448.7 1211211
592532.6 6817.9 1211211
588996.0 6420.6 1211211
642717.4 13093.7 1211211
603982.5 4269.6 1211211
604012.2 8362.0 1211211
650297.2 10450.2 1211211
642175.2 6886.1 1211211
604544.8 5505.1 1211211
624600.4 6077.1 1211211
660019.6 8474.6 1211211
621185.8 8630.3 1211211
617460.1 7374.6 1211211
670716.1 10674.6 1211211
635634.7 6947.2 1211211
630412.7 7681.3 1211211
661178.7 7644.9 1211211
668555.4 7292.1 1211211
628893.2 5012.4 1211211
631546.6 5000.8 1211211
665968.9 9201.7 1211211
626880.9 10529.4 1211211
629026.8 11088.8 1211211
674112.8 5766.4 1211211
636725.2 10425.6 1211211
632189.2 9128.4 1211211
675420.7 9443.4 1211211
676548.8 6024.8 1211211
634168.5 6519.9 1211211
609913.7 7159.1 1211211
658175.0 12547.5 1211211
617819.4 6565.2 1211211
614914.5 5797.5 1211211
668197.0 6951.9 1211211
626967.2 9218.5 1211211
626911.7 5020.1 1211211
657294.7 7447.1 1211211
659507.7 9772.5 1211211
627696.8 7660.3 1211211
626474.9 6036.7 1211211
654625.5 10415.1 1211211
627423.5 10168.2 1211211
624347.9 5105.7 1211211
676281.7 9160.7 1211211
629699.8 11073.4 1211211
620693.7 10621.3 1211211
668932.0 8480.1 1211211
668018.0 9056.8 1211211
638094.6 6569.9 1211211
626985.1 7131.3 1211211
654446.0 13663.1 1211211
624950.7 7187.3 1211211
613171.2 8254.9 1211211
669240.9 3570.8 1211211
625908.9 8118.3 1211211
639421.6 9836.6 1211211
671394.5 9057.1 1211211
671546.1 11812.1 1211211
629333.7 8216.5 1211211
628222.0 7553.6 1211211
666862.9 7812.4 1211211
627616.7 6032.2 1211211
631764.0 7431.5 1211211
674886.8 11030.5 1211211
638997.7 7364.4 1211211
638748.3 8222.8 1211211
679932.4 11955.7 1211211
676173.8 5755.5 1211211
632929.7 6917.1 1211211
612303.5 6455.5 1211211
659010.5 6575.8 1211211
617475.2 6927.7 1211211
620207.6 7740.4 1211211
661824.1 10783.3 1211211
627439.4 6524.7 1211211
630772.6 11283.1 1211211
655764.5 7895.1 1211211
661694.1 11452.6 1211211
627272.7 8698.0 1211211
625531.4 8443.3 1211211
658000.6 5379.3 1211211
628810.1 10809.3 1211211
619277.3 7689.4 1211211
668379.4 7762.1 1211211
630884.1 7480.7 1211211
629233.5 6169.0 1211211
669188.3 13452.3 1211211
669413.9 7151.5 1211211
630931.9 9676.7 1211211
597158.1 10624.9 1211211
625417.9 8235.3 1211211
585691.6 9692.9 1211211
580602.2 6701.1 1211211
633808.1 6920.8 1211211
598120.8 9242.7 1211211
598589.4 10274.5 1211211
636747.7 7091.3 1211211
636411.7 5728.4 1211211
592516.1 6146.3 1211211
599732.3 12460.3 1211211
631617.9 6088.8 1211211
594360.5 7046.7 1211211
588490.2 10333.9 1211211
641741.4 9306.6 1211211
600475.0 6465.7 1211211
610838.9 8409.2 1211211
633403.9 9169.1 1211211
640878.2 7188.6 1211211
601823.5 8718.0 1211211
620495.3 8492.3 1211211
659501.8 10116.8 1211211
608246.8 9159.9 1211211
613434.3 7392.3 1211211
663589.4 8523.4 1211211
620847.0 10786.8 1211211
624461.1 3670.7 1211211
654870.9 6083.9 1211211
655807.7 9918.2 1211211
610916.9 7046.0 1211211
619360.3 10486.6 1211211
661106.8 8101.2 1211211
619057.6 8136.5 1211211
615349.2 9641.6 1211211
664634.4 8926.8 1211211
624551.9 9036.4 1211211
629875.2 10343.3 1211211
660684.4 8439.4 1211211
659917.1 8966.5 1211211
626627.3 5998.7 1211211
591401.2 4351.0 1211211
622739.9 10249.8 1211211
587754.7 6355.4 1211211
592898.7 9976.8 1211211
641052.2 10422.1 1211211
597573.6 8704.4 1211211
593925.2 5990.4 1211211
632248.9 9742.9 1211211
628478.0 9805.5 1211211
597380.9 5906.2 1211211
588612.7 4574.7 1211211
627562.3 8305.4 1211211
586499.3 4937.5 1211211
594099.9 4448.0 1211211
646243.5 11611.2 1211211
601167.0 9912.8 1211211
606712.9 10354.3 1211211
635131.5 8149.3 1211211
635132.2 5699.5 1211211
601103.4 9825.5 1211211
587363.1 8693.1 1211211
627343.6 10234.0 1211211
575976.6 8005.1 1211211
588482.0 6159.7 1211211
635008.6 9762.6 1211211
591745.5 8671.8 1211211
586479.4 5388.9 1211211
627311.8 9463.6 1211211
631772.7 11278.7 1211211
590115.1 10419.8 1211211
594161.8 11296.3 1211211
628035.3 6759.4 1211211
588696.2 12644.0 1211211
587329.9 6690.6 1211211
634777.9 10781.2 1211211
597377.4 10342.8 1211211
606706.6 8209.2 1211211
629630.5 10236.0 1211211
631788.6 9926.0 1211211
596332.3 10272.9 1211211
621206.3 13516.2 1211211
601114.6 7549.6 1211211
623607.3 12982.6 1211211
623984.9 9603.4 1211211
626914.3 8063.5 1211211
626473.3 10717.2 1211211
628853.0 7380.0 1211211
621274.5 5673.9 1211211
620334.3 7268.1 1211211
629494.3 8858.4 1211211
633945.5 13798.5 1211211
628301.2 8089.5 1211211
648879.0 6597.7 1211211
637569.6 6136.8 1211211
639594.9 8640.2 1211211
641617.4 5568.0 1211211
647387.3 8224.4 1211211
649521.9 7710.3 1211211
652446.6 6726.8 1211211
652323.5 3668.2 1211211
649944.9 7344.2 1211211
654358.5 11497.3 1211211
660165.5 12185.1 1211211
652962.2 8618.4 1211211
617707.5 8484.4 1211211
612928.8 8206.6 1211211
608784.1 12749.9 1211211
627243.5 8711.8 1211211
622934.6 8832.2 1211211
626771.4 5958.1 1211211
625061.7 10847.0 1211211
613739.0 13198.2 1211211
618002.4 9421.9 1211211
629337.7 7932.6 1211211
638091.0 10793.7 1211211
633890.7 11924.6 1211211
609364.4 7108.3 1211211
607176.5 11092.9 1211211
607960.7 7541.5 1211211
616103.9 10562.7 1211211
619081.4 10437.9 1211211
617589.8 7511.7 1211211
622716.4 11298.7 1211211
614163.2 10370.6 1211211
618243.3 8059.3 1211211
617309.1 7813.6 1211211
623682.9 7558.9 1211211
621445.7 7657.3 1211211
623254.7 6575.7 1211211
650925.2 8739.6 1211211
628972.0 11910.6 1211211
616846.7 7038.1 1211211
667962.4 7951.6 1211211
629205.5 5319.6 1211211
629016.0 5226.1 1211211
668872.3 12424.1 1211211
667420.8 8014.8 1211211
630491.6 10395.7 1211211
630007.8 5296.3 1211211
663382.9 12867.6 1211211
633780.1 4529.6 1211211
629285.5 9006.8 1211211
660718.9 7521.3 1211211
639865.0 13597.8 1211211
630629.7 11271.9 1211211
680146.0 9286.2 1211211
676798.2 7027.8 1211211
632972.6 9607.1 1211211
619290.8 9493.7 1211211
658321.9 9824.1 1211211
615307.7 4390.2 1211211
615420.6 6438.7 1211211
652642.9 7601.1 1211211
621624.3 6021.2 1211211
614847.6 7926.0 1211211
659478.4 11890.8 1211211
662141.7 10203.2 1211211
616945.3 6583.1 1211211
623098.2 8021.0 1211211
659098.7 11373.8 1211211
625347.6 7209.9 1211211
620616.6 9199.4 1211211
671240.5 9428.7 1211211
627047.7 11807.1 1211211
627755.7 7947.8 1211211
665749.6 8055.9 1211211
664019.2 7885.6 1211211
627474.4 9223.0 1211211
592837.1 9378.1 1211211
629825.8 7900.9 1211211
578805.5 9723.6 1211211
587933.9 7235.9 1211211
639262.7 6721.5 1211211
587665.1 6861.5 1211211
609567.1 9259.2 1211211
635674.4 11093.1 1211211
622632.9 6315.8 1211211
597475.3 8237.4 1211211
599252.9 6657.3 1211211
635760.4 9957.2 1211211
595114.1 6763.8 1211211
593287.7 3878.5 1211211
643940.3 12684.7 1211211
606837.9 7117.4 1211211
607332.1 11382.8 1211211
639266.8 11032.8 1211211
639974.0 8340.9 1211211
604654.6 10392.1 1211211
617603.4 9372.8 1211211
655232.3 9509.0 1211211
617577.9 8915.5 1211211
623680.7 7015.2 1211211
664433.0 11224.2 1211211
626636.8 6063.1 1211211
618571.9 8261.2 1211211
661182.2 8356.7 1211211
664245.5 7986.6 1211211
621654.8 13859.7 1211211
627756.1 9811.5 1211211
660899.0 9221.5 1211211
629908.5 7214.6 1211211
626797.4 6815.4 1211211
674781.0 5922.1 1211211
635677.2 5631.4 1211211
630816.7 9049.8 1211211
668920.7 8500.2 1211211
678675.3 9539.8 1211211
622633.4 7319.3 1211211
651747.8 10665.1 1211211
646830.8 9048.0 1211211
644103.6 8438.0 1211211
652727.1 6792.9 1211211
653096.4 11970.2 1211211
665120.9 4404.5 1211211
651073.6 7403.1 1211211
651955.0 7886.0 1211211
651070.3 8251.1 1211211
658286.2 7116.4 1211211
655222.2 9014.8 1211211
666349.7 5270.2 1211211
644749.6 3428.5 1211211
641409.9 7854.9 1211211
644880.5 4632.9 1211211
648354.4 6858.8 1211211
645584.9 7849.3 1211211
645561.4 8812.8 1211211
641278.9 9046.8 1211211
646781.2 10917.0 1211211
639620.9 6898.0 1211211
653714.7 6644.0 1211211
657321.0 13951.9 1211211
652549.5 9777.8 1211211
628371.1 10893.7 1211211
612068.0 6469.9 1211211
614400.5 8720.1 1211211
620174.3 10020.5 1211211
627796.9 10343.1 1211211
616532.2 5327.5 1211211
632232.7 5654.6 1211211
620705.2 9443.2 1211211
620499.7 8294.5 1211211
629050.9 8088.1 1211211
635177.5 7857.2 1211211
627029.3 11707.2 1211211
643548.4 8241.7 1211211
647934.6 6163.8 1211211
643861.3 10968.5 1211211
654288.0 7902.0 1211211
656093.6 12987.0 1211211
661785.2 10708.5 1211211
650375.7 6281.5 1211211
646036.5 9078.3 1211211
651360.8 9883.4 1211211
654001.7 8339.3 1211211
655206.2 7138.7 1211211
654372.9 9844.1 1211211
630426.8 9970.2 1211211
619247.5 5402.6 1211211
624697.9 8912.0 1211211
632827.3 8634.9 1211211
640204.7 6833.0 1211211
632944.7 7910.8 1211211
639818.3 8448.1 1211211
626698.2 10747.9 1211211
633680.1 11114.0 1211211
636433.5 9719.2 1211211
644167.7 9502.0 1211211
639050.6 9238.3 1211211
661437.4 9556.1 1211211
648435.4 9192.2 1211211
653423.7 7599.5 1211211
666213.4 10224.0 1211211
667643.4 10402.4 1211211
658161.1 13462.1 1211211
662443.5 11979.6 1211211
659263.8 10223.2 1211211
663274.5 8558.2 1211211
685585.8 10791.7 1211211
672955.5 7952.1 1211211
670191.2 8945.7 1211211
627483.6 12690.2 1211211
629730.4 9675.4 1211211
620234.5 7411.0 1211211
639779.9 10136.0 1211211
638470.6 12196.9 1211211
634554.9 11332.1 1211211
640924.0 10239.1 1211211
636030.4 7798.5 1211211
632822.8 6584.6 1211211
641888.5 7836.4 1211211
636694.3 10177.7 1211211
640925.8 9761.5 1211211
626407.1 10081.4 1211211
618169.2 12368.7 1211211
625363.2 10413.6 1211211
638680.7 7813.4 1211211
628406.9 10712.5 1211211
629210.1 12077.5 1211211
637145.2 5880.7 1211211
626736.6 6461.9 1211211
628426.0 7343.6 1211211
642916.5 10010.9 1211211
637846.5 8727.8 1211211
631408.1 10566.2 1211211
661874.3 6965.4 1211211
663977.3 5935.8 1211211
661526.7 11154.9 1211211
670530.1 9660.2 1211211
662202.9 6206.5 1211211
667835.0 7883.2 1211211
674407.3 8052.2 1211211
671182.3 8524.7 1211211
669216.2 7511.0 1211211
677909.4 9043.4 1211211
679734.2 7630.8 1211211
669723.8 8574.6 1211211
652238.4 6355.5 1211211
650461.8 4434.9 1211211
657665.6 10016.7 1211211
664647.4 11132.7 1211211
664836.5 12112.7 1211211
662219.3 7065.5 1211211
662345.2 9662.7 1211211
655997.9 11009.6 1211211
659475.2 11088.4 1211211
672357.9 8930.5 1211211
664393.3 7080.4 1211211
665976.5 8345.7 1211211
633670.0 6298.6 1211211
619266.1 8482.0 1211211
620404.9 7033.9 1211211
636192.3 9407.0 1211211
628645.7 10648.5 1211211
636835.8 10925.7 1211211
642525.0 9361.3 1211211
627466.4 9386.4 1211211
635520.3 8377.2 1211211
643252.8 6466.7 1211211
642725.9 10811.5 1211211
642885.0 11165.0 1211211
652191.8 5117.0 1211211
652220.6 10630.6 1211211
647626.5 9032.4 1211211
662927.5 9939.0 1211211
667307.9 9061.2 1211211
663283.3 7412.5 1211211
660072.0 4944.4 1211211
660140.7 11221.4 1211211
662237.7 10813.9 1211211
670575.0 9379.6 1211211
678396.0 10230.3 1211211
663052.5 7121.4 1211211
594304.7 6504.9 1211211
633801.5 8281.2 1211211
593368.3 7454.1 1211211
597768.8 7771.6 1211211
639342.3 13396.5 1211211
606705.1 9854.7 1211211
603151.2 4483.6 1211211
643525.5 3551.9 1211211
633461.8 7252.1 1211211
605745.8 13040.7 1211211
604974.4 8725.5 1211211
641976.5 8193.7 1211211
598021.0 8076.8 1211211
599907.3 7445.5 1211211
648840.8 7880.6 1211211
614256.9 8089.7 1211211
614388.8 5476.4 1211211
641898.3 8838.4 1211211
649468.3 13407.1 1211211
608851.8 6712.9 1211211
618064.0 8154.0 1211211
657085.8 10456.5 1211211
622924.8 7264.7 1211211
626043.6 7072.9 1211211
663722.0 7741.0 1211211
629569.5 4974.7 1211211
631682.3 7888.3 1211211
664864.6 9969.5 1211211
670833.6 10539.6 1211211
637359.7 8893.0 1211211
636456.1 7427.9 1211211
667406.4 7276.9 1211211
630583.1 8678.0 1211211
634689.0 11088.5 1211211
679447.1 9135.9 1211211
635974.8 12184.6 1211211
638234.3 6576.5 1211211
673407.2 7906.1 1211211
666635.5 8668.2 1211211
628890.0 5310.5 1211211
599684.1 7160.8 1211211
630781.5 8254.9 1211211
598994.4 7008.4 1211211
600233.1 9422.7 1211211
644288.3 9512.9 1211211
603577.3 7111.0 1211211
600986.8 7909.1 1211211
634600.1 7372.6 1211211
642036.4 11617.6 1211211
607805.0 9610.2 1211211
607422.3 6467.0 1211211
640580.2 8642.3 1211211
596709.8 9399.1 1211211
602613.1 9239.1 1211211
656696.3 10804.5 1211211
610754.8 9270.5 1211211
604384.5 7206.2 1211211
648012.8 6440.5 1211211
650531.0 8605.0 1211211
605328.0 10541.2 1211211
593525.0 6683.8 1211211
625017.8 8195.3 1211211
586946.5 9566.3 1211211
590836.1 8668.9 1211211
634206.1 12435.3 1211211
599763.3 9022.8 1211211
596318.3 6615.3 1211211
634085.3 11503.3 1211211
640448.5 4686.3 1211211
599615.4 4414.4 1211211
599972.0 8124.2 1211211
636991.8 4107.7 1211211
598055.1 8539.3 1211211
597761.5 5122.7 1211211
648151.1 5161.7 1211211
602909.9 6355.6 1211211
603472.8 9648.2 1211211
646392.9 8428.1 1211211
646889.4 9048.7 1211211
606550.2 7333.3 1211211
614553.2 10966.5 1211211
615815.5 10025.4 1211211
619824.4 6866.3 1211211
632544.4 10502.8 1211211
638946.6 10554.1 1211211
632234.6 4978.3 1211211
638176.3 9785.8 1211211
625918.1 10851.1 1211211
628844.8 8869.0 1211211
638089.6 12718.4 1211211
644019.8 7592.1 1211211
641783.0 8292.5 1211211
650965.1 9428.9 1211211
646668.5 10693.7 1211211
658171.9 6671.1 1211211
661462.5 11046.2 1211211
662993.0 6875.8 1211211
655751.0 5685.8 1211211
654901.9 8919.0 1211211
655647.1 10032.0 1211211
659373.0 8870.9 1211211
661646.4 10157.7 1211211
673159.4 11031.1 1211211
662816.6 12243.6 1211211
617952.1 5281.0 1211211
620756.8 7688.8 1211211
619610.3 7007.3 1211211
633376.3 5424.9 1211211
624695.6 4930.4 1211211
620652.0 10015.4 1211211
630087.4 9237.5 1211211
641340.7 10317.5 1211211
630989.7 10893.2 1211211
633898.9 5965.1 1211211
647891.4 9441.1 1211211
636523.7 10086.4 1211211
625037.9 6773.6 1211211
614982.6 8247.7 1211211
624369.2 7900.9 1211211
631202.7 11065.7 1211211
630507.2 9264.7 1211211
627385.0 9168.8 1211211
630789.8 9323.2 1211211
623195.2 6575.5 1211211
625250.1 9454.3 1211211
629143.1 11011.0 1211211
633995.5 9292.3 1211211
632825.6 8731.0 1211211
634649.7 12237.5 1211211
667256.5 10456.0 1211211
629025.0 7218.8 1211211
627252.4 8154.5 1211211
680672.1 8468.0 1211211
638877.9 8910.0 1211211
635326.4 4406.4 1211211
665097.4 11972.0 1211211
687164.7 10460.2 1211211
640865.5 6276.4 1211211
634178.8 7140.3 1211211
678769.9 8201.8 1211211
634064.1 7056.0 1211211
636868.6 5772.4 1211211
688866.2 4436.2 1211211
639624.6 9187.0 1211211
648492.1 8521.3 1211211
691675.0 14339.4 1211211
687746.0 8342.3 1211211
640227.4 4270.9 1211211
622016.2 8641.7 1211211
655473.6 6381.5 1211211
622170.4 6995.1 1211211
620177.7 9281.3 1211211
671376.3 5123.6 1211211
632644.1 9508.4 1211211
634598.5 7931.4 1211211
664807.3 10109.7 1211211
673262.9 11086.2 1211211
626375.6 14109.8 1211211
633397.9 9547.4 1211211
671240.5 8562.3 1211211
623172.9 8904.7 1211211
626810.5 10196.5 1211211
673810.5 10157.3 1211211
641980.8 7452.1 1211211
635705.3 10205.8 1211211
680537.6 7595.1 1211211
667817.1 9544.6 1211211
628859.2 9801.5 1211211
595838.3 8067.6 1211211
640588.7 8462.6 1211211
592108.0 6947.3 1211211
592265.6 8428.3 1211211
644990.6 11092.5 1211211
604173.9 7502.1 1211211
602793.3 5753.6 1211211
643646.7 8735.0 1211211
641950.0 10123.1 1211211
596004.9 8569.3 1211211
596803.7 6763.8 1211211
645524.4 10124.0 1211211
596157.3 5512.5 1211211
603496.4 7991.3 1211211
646555.7 10514.8 1211211
607494.4 8958.8 1211211
617490.2 8605.5 1211211
656210.9 7444.5 1211211
652077.6 13409.2 1211211
615158.7 9123.0 1211211
628156.6 6693.0 1211211
661797.9 9317.7 1211211
618937.7 13182.1 1211211
619896.4 7461.6 1211211
674467.1 6984.3 1211211
627566.0 7851.8 1211211
632493.2 6903.2 1211211
667322.4 10273.9 1211211
673700.9 9413.6 1211211
631276.9 9055.1 1211211
631333.2 8753.2 1211211
677712.7 7016.2 1211211
633776.1 11315.8 1211211
623751.7 6828.5 1211211
671731.5 12291.2 1211211
638553.6 11674.8 1211211
639167.1 8339.1 1211211
676848.8 7228.3 1211211
673170.1 6966.9 1211211
635003.5 6896.3 1211211
654544.7 5776.2 1211211
656387.6 8747.4 1211211
658383.7 8599.2 1211211
658552.9 7438.4 1211211
666012.7 4179.6 1211211
659480.0 5300.1 1211211
666699.5 6156.2 1211211
667281.5 10548.5 1211211
662047.8 8056.4 1211211
676155.4 10592.4 1211211
669050.1 9011.8 1211211
671444.0 10490.6 1211211
653178.3 6384.8 1211211
650533.6 8024.1 1211211
646669.2 8718.1 1211211
655241.8 9678.3 1211211
658867.2 7265.4 1211211
653112.3 3968.5 1211211
654456.1 9210.9 1211211
656158.8 8589.4 1211211
653551.9 4793.5 1211211
665385.7 6329.4 1211211
666047.0 8482.7 1211211
657843.1 6644.7 1211211
625657.6 9462.0 1211211
622376.4 13277.9 1211211
625763.0 7356.9 1211211
629436.0 6402.4 1211211
633713.5 7440.0 1211211
633948.8 11481.2 1211211
637445.2 13935.6 1211211
629220.4 9098.6 1211211
623283.6 7246.4 1211211
636833.5 6369.3 1211211
641727.9 8226.7 1211211
637875.3 7503.6 1211211
653995.9 12151.9 1211211
658540.4 8685.3 1211211
652324.7 10936.2 1211211
666525.6 9794.8 1211211
665952.9 10419.8 1211211
655658.6 4066.4 1211211
660349.2 12262.1 1211211
658092.2 6925.1 1211211
651348.8 8762.2 1211211
667153.1 9790.8 1211211
668874.4 12980.8 1211211
665064.7 8888.6 1211211

Total size of run at 100 iterations: 75
Batch size of 75
 <--------------------------------------------------> 0.0%  <||||||||||||||||||||||||||||||||||||||||||||||||||> 100.0%  (Time taken: 00:03.5)							   
--Analyzing iteration sim results--
677514.1 2348.2 1211111
676723.0 2798.5 1211111
676505.4 3040.0 1211111
675573.9 2941.3 1211111
672888.7 2352.5 1211111
676992.3 2664.7 1211111
675246.2 2469.7 1211111
681338.1 2473.8 1211111
680331.2 2721.0 1211111
671206.4 2524.2 1211111
676031.1 2425.5 1211111
675303.7 2641.1 1211111
679089.2 2901.3 1211111
679007.7 2704.6 1211111
672818.9 2537.3 1211111
678391.8 2691.2 1211111
679099.8 2306.4 1211111
671377.8 2557.5 1211111
671754.6 2430.9 1211111
675087.3 2593.8 1211111
679400.9 2619.2 1211111
677838.9 2516.9 1211111
670517.3 2889.6 1211111
675290.1 2776.1 1211111
675364.2 2628.7 1211111
676907.5 2679.6 1211111
679575.7 2795.1 1211111
683184.9 2925.2 1211111
682622.5 2604.4 1211111
674987.2 2730.9 1211111
673612.5 2542.6 1211111
677946.4 2354.3 1211111
677082.0 2532.9 1211111
677417.7 2332.6 1211111
668087.2 3101.0 1211211
671535.1 3664.0 1211211
676995.1 2912.3 1211211
672983.0 3012.5 1211211
677658.2 3170.3 1211211
676986.7 3293.8 1211211
675341.4 2809.6 1211211
670211.8 2978.2 1211211
678791.9 2931.3 1211211
680074.8 3111.7 1211211
675210.5 3158.0 1211211
673101.4 2903.0 1211211
676972.4 3419.2 1211211
673529.3 3216.7 1211211
681770.5 3336.6 1211211
678283.4 3133.5 1211211
680306.5 3169.7 1211211
676024.9 3574.7 1211211
669902.2 2784.3 1211211
672595.0 2563.1 1211211
666488.3 3062.4 1211211
669213.8 3255.9 1211211
671273.2 2826.5 1211211
678758.6 2993.9 1211211
670342.3 2604.2 1211211
667019.9 3026.0 1211211
669493.4 3123.8 1211211
671313.1 3104.9 1211211
680088.7 3525.4 1211211
675050.8 3018.0 1211211
670889.6 2827.2 1211211
676623.5 3020.5 1211211
680450.1 3296.4 1211211
676427.1 2887.2 1211211
677411.4 2806.5 1211211
681313.0 2988.4 1211211
681790.5 3478.1 1211211
681418.2 3247.6 1211211
676263.9 3257.4 1211211
673230.8 3144.3 1211211
670954.7 2984.8 1211211

Total size of run at 500 iterations: 26
Batch size of 26
 <--------------------------------------------------> 0.0%  <||||||||||||||||||||||||||||||||||||||||||||||||||> 100.0%  (Time taken: 00:04.7)							   
--Analyzing iteration sim results--
681857.3 1199.5 1211111
681811.1 1143.6 1211111
678640.6 1227.6 1211111
677282.4 1228.9 1211111
678581.9 1125.8 1211111
677271.7 1071.3 1211111
680829.8 1106.1 1211111
677081.7 1218.7 1211111
678443.8 1232.9 1211111
683361.1 1171.7 1211111
683037.9 1164.5 1211111
678872.8 1154.6 1211111
677522.3 1407.4 1211211
673829.2 1422.0 1211211
681132.4 1408.1 1211211
679914.4 1344.7 1211211
675758.5 1348.5 1211211
681117.7 1407.5 1211211
678458.5 1415.1 1211211
681746.9 1349.1 1211211
678411.2 1354.0 1211211
678345.5 1384.4 1211211
678224.4 1368.3 1211211
682405.3 1325.1 1211211
682300.2 1470.1 1211211
680246.3 1359.2 1211211

Total size of run at 15000 iterations: 10
Batch size of 10
 <--------------------------------------------------> 0.0%  <||||||||||||||||||||||||||||||||||||||||||||||||||> 100.0%  (Time taken: 00:57.5)							   
--Analyzing iteration sim results--
682814.5 214.8 1211111
682589.9 215.1 1211111
682357.8 252.5 1211211
681879.1 254.0 1211211
681858.3 216.1 1211111
681458.1 215.2 1211111
680612.5 254.5 1211211
681265.6 254.9 1211211
681359.2 259.0 1211211
680221.3 210.3 1211111

--Analyzing iteration sim results--
682814.5 214.8 1211111
682589.9 215.1 1211111
682357.8 252.5 1211211
681879.1 254.0 1211211
681858.3 216.1 1211111
681458.1 215.2 1211111
680612.5 254.5 1211211
681265.6 254.9 1211211
681359.2 259.0 1211211
680221.3 210.3 1211111
--Analyzing iteration sim results--
682814.5 214.8 1211111
682589.9 215.1 1211111
682357.8 252.5 1211211
681879.1 254.0 1211211
681858.3 216.1 1211111
681458.1 215.2 1211111
681359.2 259.0 1211211
681265.6 254.9 1211211
680612.5 254.5 1211211
680221.3 210.3 1211111
---Best 10 dps for Patchwerk results available at:---
1: results/Ryanfodder/Patchwerk/1.html (682814.5 +/- 214.8) (Talents: 1211111)
2: results/Ryanfodder/Patchwerk/2.html (682589.9 +/- 215.1) (Talents: 1211111)
3: results/Ryanfodder/Patchwerk/3.html (682357.8 +/- 252.5) (Talents: 1211211)
4: results/Ryanfodder/Patchwerk/4.html (681879.1 +/- 254.0) (Talents: 1211211)
5: results/Ryanfodder/Patchwerk/5.html (681858.3 +/- 216.1) (Talents: 1211111)
6: results/Ryanfodder/Patchwerk/6.html (681458.1 +/- 215.2) (Talents: 1211111)
7: results/Ryanfodder/Patchwerk/7.html (681359.2 +/- 259.0) (Talents: 1211211)
8: results/Ryanfodder/Patchwerk/8.html (681265.6 +/- 254.9) (Talents: 1211211)
9: results/Ryanfodder/Patchwerk/9.html (680612.5 +/- 254.5) (Talents: 1211211)
10: results/Ryanfodder/Patchwerk/10.html (680221.3 +/- 210.3) (Talents: 1211111)
-------

--- Full execution in 01:50.9 ---
